0 0.474609375 0.54541015625 0.13671875 0.1044921875
0 0.60546875 0.85546875 0.037109375 0.1171875
0 0.5283203125 0.68603515625 0.0234375 0.0244140625
0 0.60498046875 0.689453125 0.0185546875 0.01953125
0 0.38427734375 0.2822265625 0.0751953125 0.044921875
0 0.44482421875 0.26513671875 0.0576171875 0.0263671875
0 0.5390625 0.2041015625 0.05078125 0.046875
0 0.11572265625 0.251953125 0.0302734375 0.029296875
0 0.441171875 0.657578125 0.0293359375 0.055458984375
0 0.728046875 0.1512109375 0.026943359375 0.035986328125
0 0.653779296875 0.691865234375 0.018583984375 0.0209765625