0 0.351375 0.983421875 0.0711875 0.03121875
0 0.512921875 0.8456250000000001 0.165765625 0.050749999999999997
0 0.37698437500000004 0.8829062499999999 0.09859375000000001 0.091
0 0.25842187499999997 0.8965937500000001 0.13968750000000002 0.203171875
0 0.315671875 0.9489218749999999 0.03590625 0.050078124999999994
0 0.519265625 0.639734375 0.15721875000000002 0.045265625
0 0.30003125 0.6208125 0.33014062499999997 0.10640625
0 0.44621875 0.587625 0.041109375 0.037140625
0 0.23717187499999998 0.559359375 0.36726562500000004 0.10303124999999999
0 0.81015625 0.14842187499999998 0.16440625 0.058734375000000005
0 0.625140625 0.171828125 0.2065 0.063671875
0 0.284859375 0.278234375 0.559625 0.462421875
0 0.485890625 0.181734375 0.07325000000000001 0.0563125
0 0.897875 0.19239062499999998 0.133640625 0.051640624999999996
0 0.7918125 0.20625 0.07768749999999999 0.0478125
0 0.7125468749999999 0.21804687500000003 0.0785 0.043359375
0 0.630859375 0.22751562500000003 0.0824375 0.048296875
0 0.6579531249999999 0.30057812500000003 0.1565 0.054765625
0 0.76478125 0.366109375 0.093203125 0.044015625
0 0.690390625 0.37384375 0.052609375 0.04328125
0 0.615765625 0.384359375 0.094640625 0.049093750000000005
0 0.55690625 0.2591875 0.081453125 0.09489062499999999
0 0.533734375 0.365953125 0.065703125 0.1161875
0 0.296546875 0.731234375 0.26603125 0.118171875