0 0.5375 0.35546875 0.3421875 0.2765625
0 0.790515625 0.8796875 0.259375 0.153125
0 0.5484375 0.853125 0.2015625 0.23125
0 0.1234375 0.03828125 0.1546875 0.0765625
0 0.48828125 0.146875 0.0703125 0.0421875
0 0.6713125 0.731703125 0.14375 0.0875
0 0.650890625 0.586046875 0.05625 0.0484375
0 0.527234375 0.50290625 0.0828125 0.05
0 0.145921875 0.34290625 0.0421875 0.0328125
0 0.408921875 0.6870625 0.0453125 0.028125
0 0.24271875 0.46568750000000003 0.034375 0.028125
0 0.3546875 0.17109375 0.0515625 0.0328125
0 0.74903125 0.149578125 0.0390625 0.0296875
0 0.41953125 0.38828125 0.0375 0.0203125
0 0.339703125 0.22896875 0.025 0.0203125
0 0.8198593750000001 0.703359375 0.046875 0.0328125
0 0.246875 0.01484375 0.040625 0.01875
0 0.32028124999999996 0.028671875000000003 0.054359375 0.04378125
0 0.19954687499999998 0.144296875 0.035171875000000005 0.01884375
0 0.11884375 0.144765625 0.026328125 0.017906250000000002
0 0.37501562499999996 0.1389375 0.023265625 0.0235625
0 0.40995312500000003 0.142984375 0.022703124999999998 0.01996875
0 0.40740625 0.080265625 0.023265625 0.018890625
0 0.463078125 0.42848437500000003 0.03665625 0.024
0 0.28496875 0.13274999999999998 0.01575 0.01834375
0 0.88340625 0.36421875 0.024 0.014124999999999999
0 0.8487500000000001 0.15142187499999998 0.014953125000000001 0.010484375
0 0.47201562499999994 0.215625 0.01875 0.016453125
0 0.29175 0.20074999999999998 0.02178125 0.013078125
0 0.21754687499999997 0.23898437499999997 0.016515625 0.010421875
0 0.153125 0.282484375 0.01578125 0.010765625
0 0.177046875 0.297921875 0.015484375 0.01109375
0 0.244109375 0.281734375 0.017015625 0.013343749999999998
0 0.10396875000000001 0.40093750000000006 0.02603125 0.014171875