0 0.27890625 0.371875 0.0375 0.0828125
0 0.2296875 0.31328125 0.05 0.053125
0 0.20390625 0.52109375 0.04375 0.025
0 0.354546875 0.61275 0.116796875 0.174359375
0 0.33671875 0.63828125 0.0265625 0.0328125
0 0.303125 0.68671875 0.059375 0.0609375
0 0.7224375000000001 0.522234375 0.110125 0.16684375
0 0.76875 0.45859375 0.0328125 0.034375
0 0.47824999999999995 0.013015625 0.027000000000000003 0.02603125
0 0.7875156249999999 0.304109375 0.026046875000000004 0.0249375
0 0.672140625 0.78653125 0.014546875 0.01184375
0 0.553890625 0.81459375 0.016390625 0.01984375
0 0.291484375 0.54459375 0.018734375 0.02071875
0 0.1999375 0.366453125 0.0166875 0.0196875
0 0.44214062500000006 0.153921875 0.18853124999999998 0.18103125
0 0.57353125 0.191453125 0.112625 0.102609375
0 0.70909375 0.280296875 0.121796875 0.096765625
0 0.713265625 0.67321875 0.1318125 0.130140625
0 0.575203125 0.7495625 0.127640625 0.12596875000000002
0 0.462171875 0.729125 0.10178125 0.120125
0 0.230671875 0.45465625000000004 0.07425000000000001 0.06340625
0 0.321171875 0.45340625 0.108453125 0.097609375
0 0.36496875 0.30490625 0.15934375 0.19103125
0 0.61565625 0.2865625 0.06340625 0.08592187500000001
0 0.697 0.3825 0.0909375 0.10928125