0 0.37009375 0.612796875 0.352453125 0.28300000000000003
0 0.2131875 0.5158750000000001 0.029015625 0.023140625
0 0.295734375 0.41795312500000004 0.012750000000000001 0.060250000000000005
0 0.443203125 0.44406249999999997 0.027890625000000002 0.040531250000000005
0 0.5703125 0.6204531249999999 0.071046875 0.030640624999999998
0 0.6697968750000001 0.61475 0.062125 0.014546875
0 0.5141875 0.48826562500000004 0.049484375000000004 0.03984375
0 0.512390625 0.39903125 0.044328125 0.07084375000000001
0 0.271046875 0.907640625 0.018109375 0.0219375
0 0.289890625 0.88834375 0.010437499999999999 0.019296874999999998
0 0.691453125 0.838484375 0.047578125 0.029015625
0 0.46409374999999997 0.8404999999999999 0.15562499999999999 0.167484375
0 0.577890625 0.7425312500000001 0.08932812500000001 0.06221875
0 0.362171875 0.782546875 0.05184375 0.0546875
0 0.702078125 0.7324531249999999 0.108375 0.02734375
0 0.6205 0.68140625 0.146125 0.0783125
0 0.568265625 0.696390625 0.04259375 0.019078125
0 0.60946875 0.69921875 0.03459375 0.016593749999999997
0 0.6662656250000001 0.653828125 0.01328125 0.015625
0 0.61871875 0.576625 0.03178125 0.033953125
0 0.655234375 0.50234375 0.21370312500000002 0.157796875
0 0.662796875 0.5649375 0.06689062500000001 0.02225
0 0.726671875 0.604546875 0.04115625 0.015640625
0 0.7305312500000001 0.532703125 0.0244375 0.013718749999999998
0 0.68471875 0.529984375 0.030453124999999998 0.01390625
0 0.26009375 0.507390625 0.015828125000000002 0.013796875
0 0.41917187499999997 0.47153124999999996 0.011984375 0.022828124999999998
0 0.5764218750000001 0.423796875 0.028875 0.0278125
0 0.274125 0.563828125 0.02028125 0.016671875
0 0.28526562499999997 0.54125 0.015984375000000002 0.038953125
0 0.3046875 0.765 0.01165625 0.01753125