0 0.05500000000000001 0.08757812499999999 0.05596875 0.07628125
0 0.22082812500000001 0.21014062500000003 0.10679687499999999 0.14996875
0 0.806265625 0.577125 0.057843750000000006 0.082390625
0 0.769734375 0.887921875 0.07853125 0.13521875
0 0.563 0.87303125 0.136953125 0.1648125
0 0.41764062500000004 0.150265625 0.147796875 0.191171875
0 0.7481718749999999 0.17676562499999998 0.183859375 0.23634375
0 0.621875 0.5369531249999999 0.1265625 0.164546875
0 0.16946875 0.7590625 0.132671875 0.1673125
0 0.12265625 0.90390625 0.01875 0.0203125
0 0.065625 0.67734375 0.021875 0.0296875
0 0.05859375 0.76953125 0.025 0.0203125
0 0.065625 0.7421875 0.0265625 0.0203125
0 0.0671875 0.80625 0.0234375 0.015625
0 0.0921875 0.8046875 0.015625 0.01875
0 0.08671875 0.7796875 0.015625 0.0125
0 0.08515625 0.76328125 0.01875 0.0140625
0 0.11015625 0.6953125 0.01875 0.0203125
0 0.12265625 0.69296875 0.0078125 0.0171875
0 0.14140625 0.66796875 0.0125 0.0171875
0 0.25546875 0.68359375 0.0359375 0.0484375
0 0.164828125 0.6538906250000001 0.01353125 0.048734375
0 0.18828125 0.63125 0.0125 0.028125
0 0.20859375 0.6265625 0.0171875 0.021875
0 0.29609375 0.615625 0.0234375 0.0375
0 0.36796875 0.56015625 0.0203125 0.03125
0 0.1640625 0.603125 0.015625 0.021875
0 0.2359375 0.6015625 0.021875 0.025
0 0.15703125 0.5390625 0.025 0.05625
0 0.1828125 0.584375 0.0125 0.0359375
0 0.103125 0.6390625 0.025 0.040625
0 0.1234375 0.62890625 0.0265625 0.0375
0 0.2671875 0.58515625 0.0296875 0.034375
0 0.29609375 0.41640625 0.021875 0.03125
0 0.346875 0.3921875 0.0234375 0.0296875
0 0.284375 0.49765625 0.021875 0.034375
0 0.63828125 0.23515625 0.028125 0.034375
0 0.68828125 0.20703125 0.021875 0.0390625
0 0.6765625 0.0453125 0.0203125 0.0265625
0 0.46796875 0.05 0.0125 0.015625
0 0.4296875 0.02578125 0.0171875 0.01875
0 0.20078125 0.13046875 0.0109375 0.0140625
0 0.213140625 0.660765625 0.043265625 0.03778125
0 0.13996875 0.864296875 0.075296875 0.05675
0 0.83315625 0.857484375 0.049125 0.07678125