0 0.62734375 0.40546875 0.353125 0.4796875
0 0.8421875 0.43671875 0.053125 0.078125
0 0.77265625 0.5546875 0.059375 0.0875
0 0.48671875 0.12265625 0.1359375 0.240625
0 0.45859375 0.51640625 0.021875 0.0328125
0 0.40859375 0.34375 0.0859375 0.1296875
0 0.40390625 0.43046875 0.0296875 0.040625
0 0.44296875 0.4296875 0.0171875 0.0296875
0 0.709375 0.49921875 0.021875 0.0328125
0 0.6171875 0.73359375 0.025 0.0375
0 0.7189687499999999 0.587421875 0.026640625 0.038593749999999996
0 0.42765624999999996 0.663234375 0.01934375 0.0249375
0 0.5841406250000001 0.125375 0.023203124999999998 0.028140625000000002
0 0.53703125 0.2588125 0.022453124999999997 0.0255625