0 0.41171875 0.63984375 0.5875 0.2890625
0 0.600578125 0.46340624999999996 0.1015625 0.05625
0 0.5316562499999999 0.41773437500000005 0.0578125 0.034375
0 0.48359375 0.96953125 0.165625 0.0609375
0 0.50078125 0.82578125 0.13125 0.0828125
0 0.0578125 0.62734375 0.115625 0.18125
0 0.11171875 0.42578125 0.2234375 0.2046875
0 0.2890625 0.28984375 0.2328125 0.1234375
0 0.5953125 0.2671875 0.4578125 0.2578125
0 0.9594374999999999 0.806640625 0.05971875 0.107640625
0 0.925546875 0.044796875 0.053125 0.0203125
0 0.770515625 0.067484375 0.06875 0.040625
0 0.38298437500000004 0.025124999999999998 0.0765625 0.0109375
0 0.02578125 0.0765625 0.0515625 0.0609375
0 0.8664375 0.90321875 0.04375 0.025
0 0.46895312499999997 0.48903125000000003 0.0421875 0.021875
0 0.49453125 0.46362500000000006 0.040625 0.0234375
0 0.618375 0.409296875 0.0375 0.0203125
0 0.05546875 0.78828125 0.05 0.028125
0 0.10546875 0.2359375 0.028125 0.015625
0 0.15234375 0.19140625 0.0203125 0.0125
0 0.70465625 0.096078125 0.032203125 0.01915625
0 0.03728125 0.16328125 0.017328125 0.01040625
0 0.100953125 0.9171875 0.022703124999999998 0.0144375
0 0.591140625 0.8909218750000001 0.022171875 0.0138125
0 0.922828125 0.8049062499999999 0.01675 0.016921875
0 0.9016562499999999 0.7720625 0.0683125 0.038796874999999995
0 0.8514843750000001 0.7415625 0.017468749999999998 0.012078125
0 0.8174531249999999 0.635671875 0.02553125 0.0173125
0 0.5411718750000001 0.49273437500000006 0.014890625 0.013171875