0 0.6972031249999999 0.46070312500000005 0.1078125 0.13479687499999998
0 0.61371875 0.35539062499999996 0.05689062499999999 0.06703125
0 0.6288750000000001 0.73609375 0.076125 0.070203125
0 0.520015625 0.8448125 0.05234375 0.060671875
0 0.5345625 0.49424999999999997 0.05278125 0.06471875
0 0.45209374999999996 0.7263437500000001 0.057296875000000004 0.06392187499999999
0 0.26951562500000004 0.47065625000000005 0.156046875 0.18021875
0 0.39484375 0.47278125 0.095859375 0.169359375
0 0.47775 0.5225 0.0653125 0.0693125
0 0.47640625 0.468125 0.064203125 0.034999999999999996
0 0.455890625 0.611921875 0.12928125 0.105671875
0 0.469125 0.6790625 0.09601562500000001 0.026078125
0 0.5725 0.63234375 0.10123437500000002 0.143328125
0 0.54115625 0.5429999999999999 0.057546875 0.029578125
0 0.587703125 0.540546875 0.030296875 0.03575
0 0.65753125 0.646 0.03378125 0.036046875
0 0.58121875 0.778796875 0.02525 0.0388125
0 0.4445 0.778765625 0.00990625 0.02134375
0 0.42043749999999996 0.308875 0.01878125 0.0315625
0 0.635859375 0.53471875 0.01553125 0.017343749999999998
0 0.7608125 0.43943750000000004 0.014109374999999999 0.017468749999999998
0 0.48014062500000004 0.38828125 0.01571875 0.018046875
0 0.39973437500000003 0.37298437500000003 0.014937500000000001 0.013468749999999998
0 0.173921875 0.341 0.015375 0.013484375000000002
0 0.69715625 0.6788125 0.0136875 0.013000000000000001
0 0.20270312499999998 0.586875 0.015375 0.013703125
0 0.39121875 0.20968749999999997 0.021156249999999998 0.03415625