0 0.076265625 0.443734375 0.05340625 0.19015625
0 0.156765625 0.528609375 0.10440624999999999 0.353859375
0 0.261359375 0.5945625 0.103171875 0.486921875
0 0.2245 0.32775 0.449 0.04559375
0 0.3813125 0.380859375 0.13559375 0.059484375
0 0.4965 0.43751562499999996 0.09428125000000001 0.264984375
0 0.15834375 0.250953125 0.069640625 0.106484375
0 0.025046875000000003 0.381390625 0.049640625 0.059265625
0 0.601796875 0.6554375 0.1165 0.57146875
0 0.845 0.5724843749999999 0.089625 0.4061875
0 0.714609375 0.30453125000000003 0.34125 0.128203125
0 0.9428750000000001 0.315078125 0.11425 0.022953124999999998
0 0.9452031249999999 0.120890625 0.10895312500000001 0.046140625000000005
0 0.854515625 0.1265625 0.069734375 0.044890625
0 0.784203125 0.1355625 0.0700625 0.041484375000000004
0 0.714953125 0.142125 0.0675 0.033703125
0 0.655953125 0.15059375 0.050109375 0.027359375000000002
0 0.601296875 0.15726562500000002 0.058265625 0.02759375
0 0.538078125 0.16584375 0.0660625 0.028749999999999998
0 0.46895312499999997 0.175421875 0.071375 0.030421874999999998
0 0.39928125 0.187265625 0.0680625 0.036953124999999996
0 0.325921875 0.20056250000000003 0.078046875 0.045109375
0 0.263953125 0.214609375 0.044921875 0.0388125
0 0.21709375 0.224546875 0.047828125 0.037234375