0 0.02090625 0.5035000000000001 0.041375 0.107453125
0 0.024125 0.6880625 0.041484375000000004 0.10434375
0 0.12546875 0.674828125 0.11387499999999999 0.330484375
0 0.09468750000000001 0.616890625 0.034265625 0.0721875
0 0.092359375 0.49234375 0.042312499999999996 0.094296875
0 0.138328125 0.45421875 0.036796875 0.06890625
0 0.136296875 0.804671875 0.015640625 0.043984375
0 0.158421875 0.900515625 0.03353125 0.0775
0 0.11715625 0.948234375 0.0528125 0.10353125
0 0.04315625 0.385640625 0.02303125 0.039078125000000005
0 0.20553125 0.08184375 0.14671875 0.1526875
0 0.09109375 0.16096875 0.18078125 0.16468750000000001
0 0.253046875 0.33990624999999997 0.14121875 0.360796875
0 0.040609374999999996 0.602 0.0114375 0.039046874999999995
0 0.044859375 0.5545625000000001 0.0165 0.0298125
0 0.094046875 0.288484375 0.18809375 0.028828125
0 0.15575 0.255078125 0.05428125 0.022093750000000002
0 0.1414375 0.34515625 0.07771875 0.06165625
0 0.32482812499999997 0.571421875 0.02225 0.1995