0 0.5054531250000001 0.506890625 0.50553125 0.17806249999999998
0 0.42465624999999996 0.1471875 0.46001562500000004 0.155078125
0 0.4925 0.9023125000000001 0.52428125 0.193859375
0 0.9658906249999999 0.760953125 0.068203125 0.071109375
0 0.84065625 0.9323750000000001 0.07175000000000001 0.061125
0 0.5882343750000001 0.754421875 0.057328124999999994 0.06159375
0 0.35939062499999996 0.774828125 0.109578125 0.05653125
0 0.189046875 0.800984375 0.04575 0.055921874999999996
0 0.27531249999999996 0.761125 0.045390625000000004 0.053828125000000004
0 0.3615625 0.72375 0.059125000000000004 0.035515625
0 0.194515625 0.9309531249999999 0.074328125 0.044203124999999996