0 0.24784722222222222 0.28316027088036116 0.4956805555555555 0.5663205417607223
0 0.18494444444444444 0.6972234762979684 0.25352777777777774 0.31584650112866813
0 0.058611111111111114 0.7560496613995485 0.11720833333333333 0.17844243792325057
0 0.08762500000000001 0.9251015801354402 0.10223611111111111 0.12826185101580134
0 0.40873611111111113 0.7103837471783295 0.3155833333333333 0.5792099322799097
0 0.5711666666666667 0.41963882618510157 0.10790277777777778 0.0947629796839729
0 0.628375 0.11257336343115124 0.14454166666666665 0.15559819413092552
0 0.8793333333333333 0.3953498871331828 0.08131944444444444 0.05297968397291196
0 0.6101388888888889 0.6621896162528217 0.06640277777777778 0.09232505643340858
0 0.7118749999999999 0.6295936794582393 0.05738888888888889 0.04742663656884876
0 0.9832638888888889 0.8387358916478556 0.03348611111111111 0.09774266365688487
0 0.9822222222222223 0.6283295711060949 0.035569444444444445 0.058442437923250566
0 0.7131805555555556 0.7416478555304741 0.051125000000000004 0.05480812641083522
0 0.6166527777777778 0.8188261851015801 0.04558333333333334 0.055688487584650115
0 0.5849583333333334 0.876117381489842 0.07422222222222222 0.08223476297968398