0 0.423984375 0.76171875 0.03125 0.0453125
0 0.452546875 0.401265625 0.0408125 0.047125
0 0.43070312499999996 0.552046875 0.0958125 0.12734375
0 0.50315625 0.526359375 0.092703125 0.13471875
0 0.67771875 0.598046875 0.016546875 0.01953125
0 0.695921875 0.48035937500000003 0.028203125000000002 0.0395625
0 0.7458125 0.4675625 0.02040625 0.024546875000000003
0 0.68978125 0.37271875 0.0405625 0.040749999999999995
0 0.7258125 0.313515625 0.021828125 0.0255625
0 0.461890625 0.26171875 0.020484375 0.024281249999999997
0 0.303640625 0.42771875000000004 0.03125 0.04496875
0 0.375265625 0.37510937499999997 0.0171875 0.023046875
0 0.26025 0.5838281249999999 0.034390625 0.044687500000000005
0 0.35334374999999996 0.5656875 0.05046874999999999 0.059546875
0 0.46771874999999996 0.720328125 0.0298125 0.041046875
0 0.49771875000000004 0.69203125 0.03184375 0.040828125
0 0.5549375000000001 0.633484375 0.033796875 0.04371875
0 0.610625 0.5685781249999999 0.017499999999999998 0.023796875000000002
0 0.586640625 0.41618750000000004 0.164765625 0.25851562499999997
0 0.42846875000000006 0.64725 0.025609375 0.0258125
0 0.3395 0.42728124999999995 0.030890624999999998 0.040640625
0 0.44029687500000003 0.45628124999999997 0.044984375 0.046609374999999995