0 0.255484375 0.618765625 0.13779687499999999 0.0758125
0 0.242625 0.6774375 0.050109375 0.056046874999999996
0 0.152296875 0.627328125 0.055374999999999994 0.02175
0 0.168453125 0.66359375 0.036265625 0.04021875
0 0.13153125000000002 0.6658906250000001 0.04021875 0.022421875
0 0.16123437499999999 0.506640625 0.0739375 0.032515625
0 0.09665625 0.51065625 0.04721875 0.023609375
0 0.12471874999999999 0.45053124999999994 0.080171875 0.050328125
0 0.193078125 0.46032812500000003 0.039640625 0.025390625
0 0.234953125 0.428921875 0.069921875 0.0525625
0 0.232953125 0.467234375 0.031171874999999998 0.022265625
0 0.22537500000000002 0.48571875000000003 0.0249375 0.016484375000000002
0 0.25989062500000004 0.49974999999999997 0.055671875 0.024046875000000002
0 0.320015625 0.48035937500000003 0.031625 0.025390625
0 0.037640625 0.575015625 0.075265625 0.046328125
0 0.13940625 0.5899375 0.049890625 0.0209375
0 0.15009375 0.6086406249999999 0.035625000000000004 0.018265625
0 0.18840625 0.597515625 0.036515625 0.018265625
0 0.111125 0.7449375 0.030734375 0.028953125000000003
0 0.115578125 0.706859375 0.04409375 0.03740625
0 0.1830625 0.7006249999999999 0.05434375 0.018703125
0 0.094203125 0.636484375 0.02271875 0.03028125
0 0.21423437500000003 0.5583125 0.096203125 0.023609375
0 0.09175 0.391734375 0.028499999999999998 0.02271875
0 0.017374999999999998 0.373921875 0.034734375 0.029843750000000002
0 0.042312499999999996 0.3981875 0.04721875 0.02315625
0 0.12471874999999999 0.301765625 0.032953125 0.028953125000000003
0 0.16034375 0.308890625 0.038296875 0.018265625
0 0.18684375 0.25789062500000004 0.061015625 0.0320625
0 0.2305 0.25921875 0.0351875 0.032953125
0 0.23539062500000002 0.28328125000000004 0.05923437499999999 0.024046875000000002
0 0.242078125 0.312234375 0.037859375 0.0249375
0 0.27014062499999997 0.294640625 0.023609375 0.031625
0 0.287734375 0.314453125 0.03740625 0.024046875000000002
0 0.25678125 0.33315625 0.029843750000000002 0.018703125
0 0.27659375 0.36990625 0.122046875 0.0494375
0 0.192859375 0.339390625 0.03740625 0.01959375
0 0.179046875 0.379484375 0.03740625 0.017812500000000002
0 0.1779375 0.356984375 0.036078125 0.011140625
0 0.206671875 0.366125 0.021374999999999998 0.01246875
0 0.13896875 0.39596875 0.024046875000000002 0.020484375
0 0.09553125 0.326703125 0.0245 0.02271875
0 0.054109375 0.339625 0.050328125 0.018265625
0 0.12337499999999998 0.37503125000000004 0.013359375000000001 0.01959375
0 0.12003124999999999 0.202875 0.045875 0.021828125
0 0.11603125 0.23962500000000003 0.02628125 0.015140625
0 0.127390625 0.27103125 0.031171874999999998 0.0245
0 0.0636875 0.314234375 0.026718750000000003 0.017374999999999998
0 0.06035937500000001 0.47703125 0.042312499999999996 0.025828125
0 0.01803125 0.436265625 0.036078125 0.04765625
0 0.01803125 0.472125 0.036078125 0.03740625
0 0.1443125 0.5650000000000001 0.05078125 0.018265625
0 0.1055625 0.587046875 0.018703125 0.013359375000000001
0 0.085515625 0.601515625 0.01959375 0.01559375
0 0.03675 0.60753125 0.020046875 0.014249999999999999
0 0.010906250000000001 0.5999531250000001 0.021812500000000002 0.01603125
0 0.33671875 0.5607656249999999 0.031171874999999998 0.01603125
0 0.481703125 0.502640625 0.0351875 0.018265625
0 0.537828125 0.5389375000000001 0.04409375 0.0249375
0 0.57634375 0.544734375 0.053453125000000004 0.018703125
0 0.45787500000000003 0.4756875 0.06146875 0.032953125
0 0.54584375 0.4135625 0.053000000000000005 0.017374999999999998
0 0.5460625 0.43671875 0.035625000000000004 0.01915625
0 0.581703125 0.4875 0.0320625 0.030734375
0 0.5093125 0.486609375 0.030734375 0.014703125000000001
0 0.48035937500000003 0.4583125 0.044984375 0.02315625
0 0.43739062500000003 0.42646875 0.042765625 0.018265625
0 0.395078125 0.4206875 0.05078125 0.036078125
0 0.408875 0.44875 0.03384375 0.029843750000000002
0 0.395078125 0.475015625 0.06503125 0.016484375000000002
0 0.07209375 0.28353125 0.030765625 0.014484374999999999
0 0.12940625 0.32696875 0.018703125 0.016890625
0 0.107375 0.478984375 0.032578125 0.034984375
0 0.7013906249999999 0.26671875 0.0851875 0.034515625
0 0.571640625 0.345515625 0.08021875 0.03675
0 0.5326562499999999 0.314453125 0.059453124999999996 0.039625
0 0.80034375 0.148875 0.042921875 0.040109375
0 0.90096875 0.3600625 0.063265625 0.050390625
0 0.704609375 0.660734375 0.154453125 0.078796875
0 0.8203125 0.642078125 0.07182812499999999 0.051375000000000004
0 0.8756875000000001 0.5636875 0.13189062499999998 0.078625
0 0.94021875 0.49412500000000004 0.08134375 0.055171875
0 0.954890625 0.45093750000000005 0.053390625000000004 0.03821875
0 0.959421875 0.6028749999999999 0.030515625 0.06225000000000001