0 0.397546875 0.44762500000000005 0.30821875 0.385625
0 0.323484375 0.29493749999999996 0.17121875 0.07690625
0 0.284828125 0.39665625000000004 0.15718749999999998 0.0660625
0 0.22999999999999998 0.4305625 0.04846875 0.062453125
0 0.1585625 0.473828125 0.0841875 0.093171875
0 0.271296875 0.700578125 0.08640624999999999 0.11139062500000001
0 0.19498437500000002 0.7537499999999999 0.09132812500000001 0.130671875
0 0.293890625 0.8702500000000001 0.12603124999999998 0.095828125
0 0.178515625 0.9256718749999999 0.149203125 0.148640625
0 0.08246875000000001 0.90446875 0.16493750000000001 0.1910625
0 0.422953125 0.9412968749999999 0.165578125 0.117390625
0 0.41612499999999997 0.7875156249999999 0.154140625 0.2026875
0 0.165265625 0.608484375 0.153390625 0.17276562499999998
0 0.066625 0.674484375 0.06493750000000001 0.110546875
0 0.018296875 0.7086718750000001 0.03659375 0.07846875
0 0.62315625 0.911171875 0.22000000000000003 0.17767187499999998
0 0.8782343750000001 0.856859375 0.24353125000000003 0.13378125000000002
0 0.7808125 0.8722031250000001 0.06737499999999999 0.052859375
0 0.79378125 0.9630625 0.06571875 0.073875
0 0.33896875 0.1313125 0.11590625000000002 0.066625
0 0.487125 0.181140625 0.193484375 0.17075
0 0.702828125 0.25734375 0.22531249999999997 0.26956250000000004
0 0.73503125 0.109984375 0.11256250000000001 0.09812499999999999
0 0.8987031249999999 0.07325000000000001 0.179578125 0.146484375
0 0.909140625 0.320125 0.18171874999999998 0.19423437500000001
0 0.8249062500000001 0.552046875 0.168125 0.294234375
0 0.9177031250000001 0.6150625 0.164578125 0.30196875
0 0.810796875 0.7538750000000001 0.13015625 0.077375
0 0.220375 0.20034375 0.132453125 0.10421875
0 0.5676249999999999 0.03671875 0.0316875 0.073453125
0 0.6191093750000001 0.033171875 0.035562500000000004 0.064515625
0 0.0389375 0.35103125 0.077890625 0.07079687500000001
0 0.0635 0.5416562500000001 0.127 0.18640625
0 0.022203125 0.45443749999999994 0.04440625 0.078921875
0 0.11364062500000001 0.24260937500000002 0.055734375 0.09503125
0 0.135125 0.0348125 0.096625 0.069609375
0 0.24171874999999998 0.051312500000000004 0.044 0.05337499999999999
0 0.137921875 0.09917187499999999 0.046406249999999996 0.058125
0 0.22790625000000003 0.126796875 0.08128125 0.041953125
0 0.416390625 0.20940625000000002 0.11451562500000001 0.077703125
0 0.1135 0.735453125 0.06940625 0.0360625
0 0.28734375 0.9703125 0.06546874999999999 0.059359375000000006