0 0.12254901960784313 0.5114613180515759 0.013071895424836602 0.02005730659025788
0 0.0988562091503268 0.4813753581661891 0.011437908496732025 0.022922636103151862
0 0.09320261437908496 0.45320916905444125 0.01392156862745098 0.02315186246418338
0 0.13678104575163397 0.5456160458452721 0.01962418300653595 0.03243553008595989
0 0.1119281045751634 0.5343839541547278 0.024509803921568627 0.04297994269340974
0 0.20096405228758168 0.6416045845272206 0.023398692810457516 0.0397134670487106
0 0.16166666666666665 0.6105157593123209 0.03691176470588235 0.05401146131805158
0 0.16258169934640523 0.6103151862464183 0.03104575163398693 0.04297994269340974
0 0.08380718954248366 0.6365042979942693 0.010751633986928105 0.022120343839541548
0 0.0784313725490196 0.66189111747851 0.013071895424836602 0.022922636103151862
0 0.6180882352941176 0.7666189111747851 0.012173202614379085 0.0169054441260745
0 0.6413398692810458 0.7965616045845272 0.008169934640522876 0.014326647564469915
0 0.6059967320261438 0.7269340974212034 0.013480392156862746 0.021776504297994267
0 0.71 0.8973352435530086 0.020669934640522875 0.03538681948424069
0 0.7783496732026144 0.9183381088825215 0.008660130718954249 0.02005730659025788
0 0.8148692810457516 0.7463323782234957 0.017483660130718955 0.030229226361031522
0 0.9109477124183006 0.6106590257879656 0.05392156862745098 0.030802292263610316
0 0.21428104575163395 0.18315186246418338 0.024754901960784316 0.06226361031518625
0 0.7119444444444444 0.829942693409742 0.023823529411764705 0.02799426934097421
0 0.7202941176470589 0.7218624641833811 0.014003267973856209 0.023667621776504298
0 0.6275980392156862 0.6803151862464184 0.017679738562091502 0.02842406876790831
0 0.517107843137255 0.7608309455587392 0.012271241830065359 0.020659025787965617
0 0.529264705882353 0.7627507163323782 0.006633986928104575 0.012492836676217766
0 0.5718627450980392 0.7160458452722063 0.012271241830065359 0.03272206303724928
0 0.5715032679738562 0.6684813753581662 0.012516339869281046 0.019369627507163322
0 0.16931372549019608 0.531948424068768 0.027745098039215686 0.04948424068767908
0 0.19130718954248366 0.546189111747851 0.026094771241830066 0.03504297994269341
0 0.20952614379084966 0.5917478510028653 0.017401960784313726 0.02968481375358166
0 0.23785947712418298 0.6078223495702005 0.03362745098039215 0.05277936962750717
0 0.5374509803921569 0.7142120343839541 0.03034313725490196 0.06103151862464184
0 0.6547875816993465 0.6389684813753582 0.07125816993464053 0.08948424068767909
0 0.6750163398692811 0.7092550143266476 0.022336601307189542 0.04702005730659026
0 0.6868954248366013 0.7564756446991404 0.02916666666666667 0.044126074498567334
0 0.7095915032679738 0.7948424068767908 0.04209150326797386 0.029283667621776505
0 0.22516339869281046 0.5342120343839541 0.06795751633986928 0.08702005730659026
0 0.14978758169934642 0.532349570200573 0.013169934640522877 0.03134670487106017
0 0.11910130718954248 0.3865902578796561 0.027516339869281047 0.04825214899713467
0 0.14933006535947713 0.40432664756446995 0.039983660130718954 0.08206303724928367
0 0.19212418300653594 0.45340974212034385 0.07995098039215687 0.09277936962750717
0 0.1828267973856209 0.40825214899713463 0.02468954248366013 0.03217765042979943
0 0.15720588235294117 0.31297994269340973 0.030800653594771243 0.054441260744985676
0 0.18236928104575165 0.3179369627507163 0.02281045751633987 0.02968481375358166
0 0.21176470588235294 0.3480229226361031 0.03785947712418301 0.09318051575931233
0 0.13251633986928105 0.3507163323782235 0.014820261437908497 0.023495702005730656
0 0.2019934640522876 0.23464183381088827 0.013169934640522877 0.03134670487106017
0 0.18330065359477124 0.28845272206303724 0.011993464052287581 0.019369627507163322
0 0.2245751633986928 0.27111747851002865 0.03292483660130719 0.06143266475644699
0 0.26302287581699346 0.2395702005730659 0.039264705882352945 0.06679083094555874
0 0.2793627450980392 0.1480515759312321 0.01457516339869281 0.02968481375358166
0 0.26459150326797387 0.6892836676217765 0.015310457516339868 0.026848137535816618
0 0.2585457516339869 0.6587106017191977 0.01601307189542484 0.025386819484240687
0 0.2341013071895425 0.6763323782234957 0.01107843137254902 0.019426934097421203
0 0.11624183006535947 0.4835530085959885 0.012777777777777779 0.014928366762177651
0 0.2761764705882353 0.6432664756446992 0.03016339869281046 0.022578796561604584
0 0.27712418300653596 0.7790830945558739 0.014460784313725489 0.24464183381088825
0 0.30854575163398695 0.8096561604584527 0.02011437908496732 0.2760458452722063
0 0.33964052287581703 0.7606017191977077 0.026388888888888885 0.17025787965616046
0 0.36854575163398695 0.7297707736389685 0.025130718954248368 0.050143266475644696
0 0.39227124183006534 0.6862177650429799 0.059379084967320264 0.04681948424068768
0 0.40704248366013074 0.7482234957020057 0.012875816993464052 0.10137535816618912
0 0.3852124183006536 0.738567335243553 0.010686274509803922 0.07988538681948423
0 0.47772875816993465 0.8024928366762177 0.013513071895424836 0.16472779369627508
0 0.5031862745098039 0.7655587392550144 0.012875816993464052 0.09971346704871059
0 0.4392483660130719 0.6820916905444127 0.03330065359477124 0.05951289398280802
0 0.4506209150326797 0.739541547277937 0.015179738562091502 0.05406876790830946
0 0.46312091503267977 0.7118624641833811 0.016960784313725493 0.04297994269340974
0 0.7927124183006535 0.6198280802292263 0.08483660130718955 0.08484240687679083
0 0.820359477124183 0.582378223495702 0.08419934640522876 0.03527220630372493
0 0.8404738562091504 0.5294842406876791 0.0515359477124183 0.03965616045845272
0 0.24472222222222223 0.34928366762177654 0.04839869281045752 0.10375358166189112
0 0.2470424836601307 0.43793696275071636 0.047336601307189544 0.11255014326647565
0 0.3099673202614379 0.21598853868194842 0.04553921568627451 0.07985673352435531
0 0.5075326797385621 0.21031518624641835 0.03980392156862745 0.07232091690544412
0 0.4584150326797386 0.19994269340974213 0.04911764705882353 0.08300859598853867
0 0.4316993464052287 0.1509169054441261 0.05019607843137255 0.11945558739255013
0 0.366797385620915 0.20716332378223495 0.06598039215686274 0.062234957020057304
0 0.5790686274509804 0.21724928366762175 0.05091503267973856 0.06475644699140401
0 0.5326307189542484 0.1502865329512894 0.0369281045751634 0.04401146131805157
0 0.6087254901960785 0.11570200573065903 0.025326797385620915 0.026418338108882524
0 0.6325 0.22194842406876789 0.04230392156862745 0.057851002865329515
0 0.6780392156862745 0.22352435530085962 0.046617647058823534 0.062234957020057304
0 0.7205228758169935 0.2549570200573066 0.05271241830065359 0.08111747851002865
0 0.7406045751633987 0.3307163323782235 0.046977124183006536 0.06790830945558739
0 0.7866830065359477 0.38919770773638973 0.12764705882352942 0.049054441260744985
0 0.7769934640522875 0.4369914040114613 0.06454248366013073 0.06160458452722063
0 0.777892156862745 0.3181661891117479 0.034068627450980396 0.0918051575931232
0 0.4930228758169935 0.14083094555873926 0.030833333333333334 0.06286532951289399
0 0.3858006535947713 0.1446131805157593 0.03155228758169935 0.051547277936962746
0 0.312843137254902 0.1332951289398281 0.03119281045751634 0.04401146131805157
0 0.34923202614379084 0.1546704871060172 0.017205882352941175 0.038997134670487106
0 0.7025980392156863 0.6120916905444126 0.019722222222222224 0.039598853868194846
0 0.7298529411764706 0.6208882521489971 0.029754901960784313 0.04842406876790831
0 0.5404575163398693 0.2189111747851003 0.024477124183006536 0.054928366762177654
0 0.5492647058823529 0.6640114613180516 0.02349673202614379 0.0369054441260745
0 0.8734477124183005 0.6975358166189112 0.0196078431372549 0.034383954154727794