0 0.551921875 0.62371875 0.038453125 0.0653125
0 0.511625 0.6364687499999999 0.032890625 0.063
0 0.58134375 0.65615625 0.03428125 0.023625
0 0.548453125 0.665875 0.042609375 0.035671875
0 0.501203125 0.68046875 0.0370625 0.028718749999999998
0 0.521125 0.70871875 0.03428125 0.051875000000000004
0 0.48012499999999997 0.72146875 0.040296874999999996 0.05142187499999999
0 0.456734375 0.7791406249999999 0.057437499999999996 0.06484375
0 0.40717187499999996 0.77565625 0.029640624999999997 0.07828125
0 0.506765625 0.759671875 0.027796875 0.045390625000000004
0 0.49634375000000003 0.78840625 0.027328124999999998 0.0370625
0 0.47248437499999996 0.8347187500000001 0.033359375000000004 0.04725
0 0.414921875 0.837875 0.09096875 0.059312500000000004
0 0.38879687500000004 0.9063125 0.07575 0.08225
0 0.37134375 0.9719374999999999 0.052671875 0.056109374999999996
0 0.419859375 0.98140625 0.043203124999999995 0.037171875
0 0.551234375 0.5778749999999999 0.023078124999999998 0.026625