0 0.6092500000000001 0.9549843750000001 0.052437500000000005 0.07425000000000001
0 0.40703125 0.8599218750000001 0.0319375 0.035921875
0 0.490953125 0.8005625000000001 0.056921875 0.068984375
0 0.56684375 0.8431875 0.030125000000000002 0.033703125
0 0.670859375 0.7800312500000001 0.0685 0.09934375
0 0.784234375 0.507125 0.063125 0.06693750000000001
0 0.69540625 0.47545312500000003 0.03725 0.04821875
0 0.44246875 0.41414062500000004 0.48735937500000004 0.502828125
0 0.675546875 0.301171875 0.037703125 0.043421875
0 0.517296875 0.10323437499999999 0.047093750000000004 0.07165625
0 0.67978125 0.07734375 0.086359375 0.09131249999999999
0 0.7014218750000001 0.645453125 0.10115624999999999 0.0904375
0 0.09475 0.432125 0.1895 0.201703125
0 0.040109375 0.3344375 0.06215625 0.10678125000000001
0 0.20503125 0.246671875 0.09617187499999999 0.17903125
0 0.5585625000000001 0.72471875 0.072953125 0.06592187499999999