0 0.6538010657193605 0.03692857142857143 0.045772646536412075 0.07389285714285715
0 0.49673179396092365 0.3754642857142857 0.032078152753108345 0.04
0 0.5201420959147424 0.5135 0.02502664298401421 0.04435714285714286
0 0.5500177619893428 0.5089642857142856 0.03358792184724689 0.054964285714285716
0 0.5422735346358792 0.5942857142857143 0.0497335701598579 0.06571428571428571
0 0.24477797513321492 0.7538928571428571 0.019289520426287742 0.03264285714285715
0 0.27470692717584366 0.6729285714285714 0.015968028419182947 0.027357142857142858
0 0.23291296625222024 0.7125357142857143 0.013392539964476022 0.019321428571428573
0 0.3120071047957371 0.59825 0.009413854351687389 0.027607142857142858
0 0.3415808170515098 0.6087142857142857 0.008436944937833037 0.018892857142857142
0 0.342753108348135 0.5685714285714285 0.009840142095914743 0.023607142857142858
0 0.35843694493783307 0.5885714285714286 0.009236234458259326 0.022857142857142857
0 0.24039076376554175 0.45225 0.012788632326820605 0.023928571428571428
0 0.22293072824156307 0.38621428571428573 0.008934280639431616 0.022678571428571426
0 0.27555950266429835 0.28110714285714283 0.018365896980461812 0.04317857142857143
0 0.2708880994671403 0.2042142857142857 0.015346358792184725 0.025964285714285714
0 0.3784014209591474 0.09667857142857143 0.01941385435168739 0.029642857142857144
0 0.4472824156305506 0.18110714285714286 0.03337477797513321 0.03525
0 0.4074600355239787 0.3085714285714286 0.01634103019538188 0.022857142857142857
0 0.3361811722912966 0.38539285714285715 0.02710479573712256 0.04417857142857143
0 0.06976909413854351 0.5738214285714285 0.014174067495559503 0.04032142857142857
0 0.11420959147424511 0.10335714285714286 0.010621669626998224 0.021142857142857144
0 0.12566607460035523 0.029964285714285718 0.01774422735346359 0.02117857142857143
0 0.2807282415630551 0.03982142857142857 0.04030195381882771 0.03446428571428572
0 0.16046181172291296 0.11360714285714285 0.023090586145648313 0.02564285714285714
0 0.8835701598579041 0.4632857142857143 0.23285968028419182 0.9265714285714286
0 0.7928241563055063 0.09874999999999999 0.020408525754884548 0.029142857142857144
0 0.18561278863232683 0.12603571428571428 0.028259325044404975 0.015678571428571427
0 0.21126110124333924 0.13549999999999998 0.021758436944937832 0.017642857142857144
0 0.2352930728241563 0.1452857142857143 0.02564831261101243 0.021535714285714287
0 0.17033747779751332 0.08064285714285714 0.017211367673179396 0.025464285714285714
0 0.18982238010657193 0.09110714285714286 0.021758436944937832 0.016321428571428574
0 0.28319715808170515 0.21517857142857144 0.012984014209591473 0.021535714285714287
0 0.31632326820603907 0.0565 0.030532859680284193 0.029392857142857144
0 0.41181172291296625 0.16914285714285715 0.03442273534635879 0.027428571428571427
0 0.19374777975133214 0.1819285714285714 0.01946714031971581 0.019964285714285712
0 0.21149200710479574 0.19153571428571428 0.020621669626998223 0.0215
0 0.2338365896980462 0.1980357142857143 0.026341030195381882 0.019964285714285712
0 0.6039609236234458 0.14260714285714285 0.06204262877442274 0.09932142857142856
0 0.6507815275310834 0.2185 0.034777975133214914 0.044500000000000005
0 0.6077264653641208 0.20657142857142857 0.022912966252220248 0.047678571428571424
0 0.5437122557726466 0.1751785714285714 0.0513676731793961 0.05007142857142857
0 0.5537833037300177 0.0909642857142857 0.03753108348134991 0.04528571428571428
0 0.7028241563055062 0.8478214285714285 0.03424511545293073 0.07257142857142858
0 0.7560390763765541 0.8733928571428572 0.027992895204262878 0.055535714285714285
0 0.7635879218472469 0.9200357142857143 0.016571936056838366 0.022964285714285715
0 0.7746358792184724 0.8989285714285714 0.023197158081705152 0.029607142857142853
0 0.6626820603907637 0.5446071428571428 0.03204262877442273 0.07478571428571429
0 0.7190408525754884 0.5616428571428571 0.028348134991119007 0.052571428571428575
0 0.7046714031971582 0.5971785714285714 0.018046181172291297 0.03332142857142857
0 0.7263232682060391 0.4675 0.02557726465364121 0.013821428571428571
0 0.7278685612788632 0.4439285714285714 0.015097690941385435 0.030357142857142857
0 0.5761456483126111 0.3065714285714286 0.04014209591474245 0.0385
0 0.7092717584369449 0.7826785714285714 0.04566607460035524 0.048857142857142856
0 0.8009769094138544 0.8604285714285714 0.057442273534635886 0.09625
0 0.7238188277087033 0.62125 0.04234458259325044 0.077
0 0.7398401420959146 0.6627142857142857 0.03682060390763765 0.07403571428571429
0 0.7796092362344583 0.6493928571428572 0.04714031971580817 0.09478571428571428
0 0.7107460035523978 0.7104642857142858 0.031669626998223795 0.058499999999999996
0 0.7698579040852576 0.7312142857142857 0.02172291296625222 0.06739285714285714
0 0.7956305506216697 0.7426785714285714 0.03424511545293073 0.08292857142857142
0 0.8243516873889876 0.7163928571428572 0.03204262877442273 0.06292857142857143
0 0.8414742451154529 0.7830357142857143 0.030941385435168743 0.07182142857142856
0 0.8600710479573713 0.8274642857142857 0.037939609236234455 0.054071428571428576
0 0.8593428063943161 0.8815357142857143 0.03866785079928952 0.05996428571428571
0 0.9009769094138543 0.8857142857142857 0.02088809946714032 0.042
0 0.917708703374778 0.912 0.016234458259325044 0.03507142857142857
0 0.9347424511545293 0.8828571428571428 0.015825932504440497 0.029785714285714287
0 0.8922380106571935 0.8253571428571428 0.015612788632326818 0.042
0 0.8990408525754885 0.8506428571428571 0.012166962699822379 0.021607142857142856
0 0.8844404973357016 0.8685714285714285 0.010959147424511545 0.03628571428571429
0 0.8824156305506217 0.9048928571428572 0.013392539964476022 0.017535714285714286
0 0.8644582593250444 0.9173214285714286 0.01927175843694494 0.022035714285714287
0 0.8460923623445826 0.9148571428571429 0.014600355239786858 0.027749999999999997
0 0.8107992895204263 0.6485357142857143 0.016234458259325044 0.033428571428571426
0 0.8227708703374779 0.6727857142857143 0.015008880994671401 0.024892857142857144
0 0.762113676731794 0.8127142857142857 0.0202841918294849 0.04039285714285715
0 0.7443694493783304 0.7857857142857143 0.018454706927175844 0.029785714285714287
0 0.7634280639431616 0.7798571428571429 0.017655417406749554 0.022035714285714287
0 0.7439609236234459 0.818 0.012770870337477798 0.021607142857142856
0 0.7297690941385435 0.8163571428571429 0.015612788632326818 0.03139285714285714
0 0.660284191829485 0.7611071428571429 0.04619893428063943 0.04528571428571428
0 0.677424511545293 0.7252142857142857 0.020088809946714033 0.02692857142857143
0 0.7510657193605684 0.5936785714285714 0.015612788632326818 0.027321428571428573
0 0.7703374777975133 0.5861071428571429 0.02088809946714032 0.027749999999999997
0 0.7203374777975133 0.5176071428571429 0.015825932504440497 0.03264285714285715
0 0.7553285968028419 0.4712857142857143 0.02088809946714032 0.02567857142857143
0 0.7451865008880995 0.5049642857142856 0.01927175843694494 0.03671428571428571
0 0.7258081705150977 0.497 0.01866785079928952 0.033857142857142856
0 0.8184191829484903 0.7641428571428571 0.021083481349911188 0.053714285714285714
0 0.6797868561278864 0.42660714285714285 0.023339253996447602 0.0345
0 0.6651687388987567 0.4155714285714286 0.018845470692717584 0.026000000000000002
0 0.74 0.8970357142857143 0.013179396092362345 0.027428571428571427
0 0.7254529307282416 0.8545357142857143 0.01364120781527531 0.027428571428571427
0 0.6473889875666075 0.8344285714285714 0.012042628774422736 0.01917857142857143
0 0.6507992895204262 0.8588928571428571 0.009769094138543518 0.019642857142857142
0 0.6522735346358792 0.7147142857142857 0.014991119005328596 0.0265
0 0.4662344582593251 0.4676785714285714 0.02024866785079929 0.0335
0 0.48690941385435166 0.4239642857142857 0.00969804618117229 0.02164285714285714
0 0.4361811722912966 0.64175 0.033214920071047954 0.01842857142857143
0 0.4368028419182948 0.6146428571428572 0.01625222024866785 0.03646428571428572
0 0.4728774422735347 0.6095714285714285 0.014138543516873889 0.025464285714285714
0 0.5666607460035523 0.6447857142857143 0.032486678507992896 0.026285714285714287
0 0.5870159857904086 0.6517857142857143 0.011190053285968029 0.020785714285714286
0 0.6624333925399645 0.09014285714285714 0.024902309058614566 0.03607142857142857
0 0.6489342806394317 0.13235714285714287 0.045985790408525754 0.05175
0 0.6878507992895204 0.16692857142857143 0.04325044404973357 0.08525
0 0.7335346358792185 0.15885714285714284 0.055701598579040855 0.12514285714285714
0 0.8033570159857905 0.21507142857142858 0.08058614564831261 0.1688214285714286
0 0.7264653641207816 0.2583214285714286 0.07024866785079928 0.10096428571428571
0 0.6768916518650089 0.27128571428571424 0.04536412078152753 0.029285714285714283
0 0.6735168738898757 0.31325 0.028898756660746004 0.03267857142857143
0 0.6992539964476021 0.30946428571428575 0.026376554174067496 0.030964285714285715
0 0.646607460035524 0.32089285714285715 0.021101243339254 0.018250000000000002
0 0.6481882770870337 0.3440357142857143 0.009911190053285968 0.016964285714285713
0 0.6642273534635879 0.3654285714285714 0.027637655417406752 0.029285714285714283
0 0.6879573712255772 0.35335714285714287 0.02236234458259325 0.05175
0 0.7197158081705151 0.361 0.03987566607460035 0.07721428571428572
0 0.7645470692717584 0.3658571428571428 0.049360568383658966 0.08525
0 0.7095914742451155 0.03117857142857143 0.02300177619893428 0.024178571428571428
0 0.7319538188277087 0.04985714285714286 0.028898756660746004 0.030107142857142857
0 0.7486145648312611 0.07103571428571429 0.009911190053285968 0.0225
0 0.7584191829484902 0.09564285714285714 0.021936056838365896 0.0225
0 0.7723445825932505 0.11707142857142858 0.019822380106571936 0.02035714285714286
0 0.750088809946714 0.0067857142857142855 0.026785079928952044 0.013571428571428571
0 0.7279396092362345 0.011892857142857143 0.015399644760213143 0.02375
0 0.7042095914742451 0.00932142857142857 0.014351687388987566 0.01864285714285714
0 0.7591651865008882 0.03328571428571429 0.02383658969804618 0.04114285714285714
0 0.7736056838365898 0.023964285714285716 0.013072824156305507 0.040285714285714286
0 0.7925932504440497 0.037964285714285714 0.030799289520426286 0.026714285714285715
0 0.8028241563055062 0.06192857142857143 0.011598579040852576 0.02967857142857143
0 0.7569449378330373 0.056857142857142856 0.017726465364120782 0.025464285714285714
0 0.6914387211367673 0.055785714285714286 0.023410301953818827 0.025892857142857145
0 0.521190053285968 0.11028571428571428 0.012024866785079929 0.02207142857142857
0 0.49197158081705156 0.14210714285714285 0.025310834813499113 0.028
0 0.48637655417406744 0.18960714285714286 0.010763765541740675 0.01782142857142857
0 0.5018827708703375 0.2144285714285714 0.012664298401420958 0.024178571428571428
0 0.4933392539964476 0.30646428571428574 0.02172291296625222 0.018250000000000002
0 0.5128596802841918 0.31242857142857144 0.01813499111900533 0.010607142857142858
0 0.5341740674955595 0.3236428571428572 0.02236234458259325 0.02035714285714286
0 0.5609591474245116 0.33364285714285713 0.02699822380106572 0.015678571428571427
0 0.6553641207815276 0.17242857142857143 0.021314387211367674 0.030107142857142857
0 0.7987211367673179 0.32260714285714287 0.028685612788632325 0.05046428571428572
0 0.6013676731793961 0.4693571428571428 0.017939609236234458 0.03182142857142857
0 0.6225577264653641 0.4863214285714285 0.02236234458259325 0.019928571428571427
0 0.6314209591474246 0.5762499999999999 0.028277087033747778 0.019928571428571427
0 0.5840674955595027 0.5955714285714285 0.012877442273534635 0.02035714285714286
0 0.5997690941385435 0.6000357142857142 0.01349911190053286 0.025892857142857145
0 0.6313143872113677 0.6466785714285714 0.01708703374777975 0.025892857142857145
0 0.6871225577264654 0.6282142857142857 0.012664298401420958 0.02375
0 0.6603197158081705 0.6055357142857143 0.011811722912966253 0.036892857142857144
0 0.6555772646536412 0.6636428571428571 0.022149200710479575 0.036892857142857144
0 0.6406039076376555 0.6816785714285715 0.011190053285968029 0.02375
0 0.5881705150976909 0.72875 0.028277087033747778 0.024607142857142855
0 0.5579040852575489 0.7410714285714286 0.012451154529307283 0.022892857142857142
0 0.41014209591474243 0.26807142857142857 0.015293072824156305 0.03075
0 0.5578152753108349 0.37853571428571425 0.009680284191829485 0.022464285714285714
0 0.5265364120781527 0.38525000000000004 0.010177619893428065 0.017964285714285714
0 0.6377264653641208 0.4461428571428572 0.019609236234458257 0.021964285714285714
0 0.7012611012433393 0.48107142857142854 0.014635879218472468 0.046892857142857146
0 0.6814031971580817 0.47807142857142865 0.01316163410301954 0.02792857142857143
0 0.5372113676731793 0.7036428571428571 0.017122557726465364 0.03092857142857143
0 0.4531971580817052 0.7048928571428572 0.024813499111900533 0.023464285714285715
0 0.43943161634103023 0.7803214285714286 0.019094138543516874 0.026857142857142857
0 0.45133214920071046 0.7617857142857143 0.01563055062166963 0.020464285714285716
0 0.38829484902309064 0.6767142857142857 0.012166962699822379 0.022964285714285715
0 0.4327175843694494 0.7380714285714286 0.010674955595026642 0.02792857142857143
0 0.5529662522202486 0.7865 0.017868561278863233 0.03092857142857143
0 0.14126110124333927 0.23910714285714288 0.04580817051509769 0.029928571428571433
0 0.20845470692717585 0.26292857142857146 0.08323268206039076 0.031464285714285715
0 0.44495559502664295 0.84325 0.02786856127886323 0.03453571428571429
0 0.41632326820603904 0.7377142857142858 0.01870337477797513 0.03685714285714286
0 0.3180284191829485 0.8988928571428572 0.025204262877442273 0.02917857142857143
0 0.29378330373001776 0.9192499999999999 0.02557726465364121 0.022250000000000002
0 0.5024156305506217 0.9062142857142857 0.020621669626998223 0.023785714285714285
0 0.42797513321492003 0.4978214285714285 0.014511545293072824 0.031464285714285715
0 0.6098934280639432 0.5131785714285714 0.01946714031971581 0.039142857142857146
0 0.7433214920071048 0.5557857142857143 0.016039076376554173 0.047607142857142855
0 0.7486678507992895 0.43025 0.021385435168738896 0.033
0 0.6203907637655417 0.35732142857142857 0.026731793960923626 0.04989285714285715
0 0.5119538188277087 0.43792857142857144 0.012220248667850798 0.028392857142857143
0 0.7272824156305506 0.7384642857142858 0.023676731793960924 0.04146428571428571
0 0.21875666074600356 0.9004285714285715 0.021385435168738896 0.03532142857142857
0 0.7225044404973356 0.9108214285714286 0.02863232682060391 0.04375
0 0.6877619893428064 0.8939285714285715 0.020230905861456483 0.03453571428571429
0 0.5875488454706927 0.21953571428571428 0.022912966252220248 0.04146428571428571