0 0.13082812500000002 0.432109375 0.2306875 0.298578125
0 0.87265625 0.54403125 0.2046875 0.40226562499999996
0 0.598578125 0.889625 0.186078125 0.22075
0 0.549859375 0.08359375 0.07614062499999999 0.08395312499999999
0 0.35575 0.577125 0.2109375 0.33806250000000004
0 0.65234375 0.61875 0.1328125 0.153125
0 0.75625 0.7671875 0.1625 0.21875
0 0.75 0.4359375 0.2625 0.278125
0 0.8546875 0.1328125 0.096875 0.065625
0 0.9578125 0.2390625 0.071875 0.146875
0 0.409375 0.11484375 0.11875 0.1765625
0 0.68125 0.2375 0.1125 0.103125