0 0.079171875 0.245953125 0.107671875 0.135109375
0 0.196859375 0.306640625 0.12771875 0.068609375
0 0.20478125 0.467609375 0.198453125 0.149890625
0 0.32721875 0.712515625 0.2955625 0.179453125
0 0.7246406249999999 0.8112031249999999 0.1530625 0.140390625
0 0.624375 0.2385625 0.17628125 0.20478125
0 0.42170312499999996 0.440171875 0.36628125 0.25334375
0 0.591125 0.6687031250000001 0.344109375 0.159390625
0 0.65709375 0.43648437500000004 0.1340625 0.1995
0 0.830203125 0.49084374999999997 0.25017187500000004 0.369453125
0 0.877703125 0.384234375 0.11295312500000002 0.054890625000000005
0 0.40903124999999996 0.182171875 0.25017187500000004 0.262578125
0 0.212703125 0.36909375 0.053828125000000004 0.049609375