0 0.68603125 0.935484375 0.21937500000000001 0.129015625
0 0.67353125 0.831796875 0.122953125 0.077890625
0 0.52778125 0.8047968750000001 0.10378125 0.081921875
0 0.84671875 0.901640625 0.21934375 0.10596874999999999
0 0.8980625 0.8237656250000001 0.11667187500000001 0.0796875
0 0.8534218750000001 0.731828125 0.08096875 0.074390625
0 0.9442812500000001 0.73921875 0.1114375 0.058171875
0 0.966734375 0.6749375 0.066515625 0.063265625
0 0.6514375 0.521859375 0.09215625 0.069609375
0 0.8735156249999999 0.967859375 0.1300625 0.06428125
0 0.85453125 0.59703125 0.23943750000000003 0.183375
0 0.48559374999999994 0.44621875 0.0953125 0.05671875
0 0.33484375 0.561625 0.30871875000000004 0.23034374999999999
0 0.371765625 0.41407812499999996 0.073 0.046015625
0 0.21432812499999998 0.387765625 0.23228125 0.0864375
0 0.02678125 0.341109375 0.053140625 0.054593749999999996
0 0.5794374999999999 0.689265625 0.365703125 0.172171875
0 0.11695312499999999 0.446453125 0.119921875 0.05225