0 0.278484375 0.5039374999999999 0.25734375 0.42495312500000004
0 0.399859375 0.649140625 0.0099375 0.014203125
0 0.45028125 0.629265625 0.03125 0.02840625
0 0.48864062500000005 0.607953125 0.019890625000000002 0.019890625000000002
0 0.683953125 0.633515625 0.026984374999999998 0.03125
0 0.8622343750000001 0.57471875 0.021578125 0.0155
0 0.56809375 0.49615625 0.3263125 0.155734375
0 0.6333593750000001 0.562921875 0.01415625 0.01753125
0 0.65965625 0.5571875000000001 0.01415625 0.02090625
0 0.910109375 0.49448437500000003 0.0755 0.045171875
0 0.09921875 0.55546875 0.1234375 0.1046875
0 0.740625 0.30703125 0.08125 0.0546875
0 0.80859375 0.34140625 0.0390625 0.0546875
0 0.7890937499999999 0.5591875 0.11273437500000001 0.072671875
0 0.7501562500000001 0.420875 0.077875 0.08825
0 0.826171875 0.45201562500000003 0.06971875 0.046718749999999996
0 0.76128125 0.3715625 0.101609375 0.08009374999999999
0 0.9025624999999999 0.433109375 0.11273437500000001 0.04746875
0 0.5154375 0.287375 0.355984375 0.086765625
0 0.522109375 0.40121874999999996 0.416796875 0.17503125
0 0.535078125 0.5951562499999999 0.070453125 0.066
0 0.9602656250000001 0.49440625000000005 0.035484375 0.037015625
0 0.8873749999999999 0.548390625 0.034703125 0.04628125
0 0.937125 0.590421875 0.043187500000000004 0.05014062500000001
0 0.8372343750000001 0.38025000000000003 0.0455 0.061703125000000004
0 0.88275 0.395671875 0.054765625 0.026218750000000002
0 0.829140625 0.41804687500000004 0.044734375 0.027765625