0 0.17119565217391305 0.3357142857142857 0.016304347826086956 0.02142857142857143
0 0.4602717391304348 0.3779642857142857 0.15059782608695652 0.20535714285714285
0 0.4592391304347826 0.23392857142857143 0.043478260869565216 0.039285714285714285
0 0.5529891304347826 0.19464285714285715 0.07336956521739131 0.15357142857142858
0 0.6494565217391305 0.19107142857142856 0.03260869565217391 0.03571428571428571
0 0.8746739130434783 0.4055 0.08491847826086957 0.32589285714285715
0 0.9144021739130435 0.2625 0.024456521739130436 0.04285714285714286
0 0.9456521739130435 0.2392857142857143 0.016304347826086956 0.025
0 0.9565217391304348 0.375 0.059782608695652176 0.10357142857142858
0 0.5842391304347826 0.03571428571428571 0.021739130434782608 0.025
0 0.485054347826087 0.13392857142857142 0.019021739130434784 0.025
0 0.2391304347826087 0.05 0.021739130434782608 0.02857142857142857
0 0.0685054347826087 0.16296428571428573 0.09171195652173914 0.21278571428571427
0 0.281929347826087 0.27975 0.2151358695652174 0.19642857142857142
0 0.31589673913043476 0.5 0.06793478260869565 0.25
0 0.42630434782608695 0.5915357142857143 0.057744565217391304 0.21875
0 0.5632880434782609 0.40775 0.05548913043478261 0.22025
0 0.6221739130434782 0.3779642857142857 0.06907608695652175 0.2470357142857143
0 0.7438858695652174 0.2924285714285714 0.16983695652173914 0.189
0 0.7444565217391304 0.5096785714285714 0.057744565217391304 0.23660714285714285