0 0.3988888888888889 0.44666666666666666 0.06444444444444444 0.08666666666666667
0 0.3655555555555556 0.81 0.2733333333333333 0.23333333333333334
0 0.35 0.575 0.1711111111111111 0.12
0 0.7488888888888889 0.7066666666666667 0.1688888888888889 0.15333333333333332
0 0.8077111111111112 0.8534333333333333 0.04888888888888889 0.08
0 0.2117111111111111 0.18113333333333334 0.031822222222222224 0.1044
0 0.12008888888888888 0.34963333333333335 0.0446 0.0317
0 0.35255555555555557 0.24896666666666667 0.053955555555555555 0.04203333333333333
0 0.34555555555555556 0.051666666666666666 0.04666666666666667 0.10333333333333333
0 0.24128888888888889 0.04513333333333333 0.022733333333333335 0.0264
0 0.18888888888888888 0.9166666666666666 0.013333333333333334 0.03333333333333333
0 0.3096 0.8896333333333333 0.029022222222222224 0.11590000000000002
0 0.10333333333333333 0.9477 0.02 0.034600000000000006
0 0.20642222222222223 0.42016666666666663 0.043000000000000003 0.041966666666666666
0 0.14704444444444445 0.44373333333333337 0.040266666666666666 0.0481
0 0.10373333333333333 0.47953333333333337 0.049133333333333334 0.10953333333333333
0 0.15864444444444445 0.6453666666666668 0.043000000000000003 0.0829
0 0.17128888888888888 0.7088333333333333 0.05048888888888889 0.039933333333333335
0 0.12282222222222224 0.5916333333333333 0.039577777777777774 0.028666666666666667
0 0.10986666666666667 0.5655333333333333 0.0232 0.037866666666666667
0 0.0952 0.6244 0.022511111111111114 0.028666666666666667
0 0.21153333333333332 0.6029 0.12282222222222224 0.09826666666666667
0 0.22075555555555557 0.6709666666666666 0.0198 0.03173333333333333
0 0.16275555555555554 0.5701333333333333 0.025244444444444444 0.049133333333333334
0 0.18697777777777777 0.8536666666666668 0.03411111111111111 0.0471
0 0.5100888888888889 0.6760666666666666 0.03888888888888889 0.0522
0 0.22484444444444446 0.8265333333333333 0.02388888888888889 0.03376666666666667