0 0.5779062500000001 0.36684375 0.203109375 0.17453125
0 0.0255625 0.525875 0.051109375 0.10353125
0 0.099390625 0.54971875 0.031609375 0.042640625
0 0.064234375 0.6218281250000001 0.038593749999999996 0.07378124999999999
0 0.029328125 0.760125 0.05865625 0.044234375
0 0.14250000000000002 0.446203125 0.024656249999999998 0.041375
0 0.122359375 0.506640625 0.034328125 0.036875000000000005
0 0.5139218750000001 0.21385937500000002 0.029031249999999998 0.135234375
0 0.450515625 0.0420625 0.066640625 0.084125
0 0.48490625 0.14625 0.03940625 0.12281249999999999
0 0.53815625 0.0755625 0.062265625000000005 0.11528125
0 0.5988125 0.109484375 0.030875000000000003 0.047421875
0 0.6426093749999999 0.264046875 0.039078125000000005 0.1054375
0 0.288765625 0.0678125 0.070375 0.135625
0 0.3695 0.21584374999999997 0.03478125 0.04134375
0 0.40601562500000005 0.23298437500000002 0.027515625 0.040546874999999996
0 0.447734375 0.202984375 0.027171875 0.0463125
0 0.379875 0.135625 0.023859375 0.05909375
0 0.41334375 0.1861875 0.024625 0.04571875
0 0.30896875 0.195828125 0.038343749999999996 0.062234374999999995
0 0.056140625 0.22384374999999998 0.11228125 0.447703125
0 0.218890625 0.21096875 0.11001562499999999 0.14451562499999998
0 0.242390625 0.32809374999999996 0.041515625 0.09618750000000001
0 0.228171875 0.430734375 0.0315 0.101359375
0 0.223140625 0.526921875 0.027328124999999998 0.08540624999999999
0 0.23740624999999999 0.60365625 0.030953124999999998 0.06375
0 0.26671875 0.686125 0.056374999999999995 0.091734375
0 0.28865625 0.77559375 0.044656249999999995 0.088078125
0 0.315375 0.8651406250000001 0.044140625 0.08540624999999999
0 0.356515625 0.953953125 0.074953125 0.092078125
0 0.39353125 0.077359375 0.027000000000000003 0.040890625