0 0.7233080808080808 0.21119281045751634 0.09881313131313132 0.06661764705882353
0 0.7554040404040404 0.4656209150326797 0.07068181818181818 0.05183006535947712
0 0.5075 0.15486928104575162 0.04308080808080808 0.029803921568627448
0 0.5458333333333334 0.15898692810457515 0.020454545454545454 0.017320261437908498
0 0.5452020202020202 0.18137254901960784 0.035858585858585854 0.024183006535947713
0 0.5734848484848485 0.15122549019607842 0.01818181818181818 0.01584967320261438
0 0.7898989898989899 0.24076797385620913 0.04646464646464646 0.022712418300653594
0 0.7782828282828282 0.25743464052287585 0.025757575757575757 0.024019607843137253
0 0.7748737373737374 0.19354575163398693 0.02196969696969697 0.01258169934640523
0 0.657449494949495 0.24142156862745098 0.05126262626262627 0.0315359477124183
0 0.7818181818181819 0.2968954248366013 0.045454545454545456 0.04542483660130719
0 0.7242424242424242 0.2736111111111111 0.07676767676767676 0.04754901960784314
0 0.7035353535353536 0.3116013071895425 0.0494949494949495 0.03496732026143791
0 0.7422979797979797 0.3151143790849673 0.018434343434343435 0.02761437908496732
0 0.7751262626262626 0.34558823529411764 0.03358585858585859 0.027450980392156862
0 0.7429292929292929 0.39158496732026143 0.07424242424242423 0.0315359477124183
0 0.7095959595959596 0.34763071895424835 0.05 0.03284313725490196
0 0.6678030303030302 0.3741830065359477 0.04570707070707071 0.032679738562091505
0 0.671969696969697 0.3999183006535948 0.022727272727272728 0.01781045751633987
0 0.6943181818181818 0.40637254901960784 0.02196969696969697 0.014379084967320262
0 0.7421717171717171 0.5058006535947712 0.04090909090909091 0.02042483660130719
0 0.7311868686868687 0.5183823529411765 0.05883838383838384 0.024673202614379084
0 0.7431818181818182 0.5369281045751635 0.03686868686868687 0.01830065359477124
0 0.8103535353535353 0.547467320261438 0.030303030303030304 0.024673202614379084
0 0.8282828282828283 0.5762254901960784 0.026262626262626265 0.03676470588235294
0 0.8664141414141415 0.5821895424836602 0.01919191919191919 0.016666666666666666
0 0.8402777777777778 0.5999183006535947 0.06792929292929292 0.011274509803921568
0 0.7069444444444444 0.15248366013071896 0.0147979797979798 0.03581699346405229
0 0.6509090909090909 0.21604575163398693 0.0326010101010101 0.015424836601307189
0 0.6654292929292929 0.26727124183006534 0.015606060606060606 0.01826797385620915
0 0.6597979797979797 0.3092156862745098 0.015883838383838386 0.0588562091503268
0 0.6647474747474748 0.34661764705882353 0.021363636363636366 0.01454248366013072
0 0.6654292929292929 0.44209150326797386 0.028762626262626264 0.03705882352941176
0 0.6088383838383838 0.37019607843137253 0.04547979797979798 0.016307189542483662
0 0.5665151515151515 0.36877450980392157 0.02492424242424242 0.010277777777777778
0 0.5191161616161616 0.36781045751633984 0.03424242424242424 0.034215686274509806
0 0.5317171717171717 0.28748366013071897 0.03919191919191919 0.016127450980392154
0 0.5347222222222222 0.31700980392156863 0.03535353535353535 0.03936274509803921
0 0.5811616161616161 0.27862745098039216 0.017525252525252527 0.009395424836601307
0 0.5356818181818181 0.22854575163398694 0.013156565656565656 0.008513071895424837
0 0.5522727272727272 0.2460947712418301 0.020555555555555556 0.03830065359477124
0 0.5426767676767676 0.27312091503267977 0.017803030303030303 0.01187908496732026
0 0.7142929292929293 0.07065359477124183 0.029747474747474745 0.018431372549019606
0 0.7598737373737374 0.16915032679738562 0.03608585858585858 0.01065359477124183
0 0.5175000000000001 0.1993954248366013 0.017499999999999998 0.020718954248366013
0 0.498989898989899 0.21362745098039218 0.01851010101010101 0.010359477124183007
0 0.6103030303030303 0.2749673202614379 0.025 0.02815359477124183
0 0.5900252525252525 0.38939542483660133 0.02952020202020202 0.012941176470588235
0 0.6668181818181819 0.5020424836601307 0.025 0.028480392156862745
0 0.6600757575757575 0.5415196078431372 0.016515151515151514 0.04985294117647059
0 0.9568434343434344 0.6568464052287581 0.03601010101010101 0.03230392156862745
0 0.9524242424242425 0.6831699346405229 0.0576010101010101 0.02107843137254902
0 0.9171212121212121 0.667532679738562 0.04320707070707071 0.025735294117647058
0 0.9411111111111111 0.7051307189542484 0.08982323232323232 0.03704248366013072
0 0.7966161616161616 0.6342483660130719 0.04080808080808081 0.047467320261437906
0 0.7638636363636364 0.6271568627450981 0.024696969696969696 0.013316993464052289
0 0.8632828282828283 0.651437908496732 0.09118686868686869 0.02772875816993464
0 0.8524999999999999 0.6960294117647059 0.08878787878787878 0.07209150326797385
0 0.7335353535353536 0.7092320261437909 0.13886363636363636 0.05856209150326798
0 0.8039141414141415 0.7443300653594771 0.09214646464646466 0.03882352941176471
0 0.7228535353535354 0.7433006535947712 0.07785353535353536 0.033039215686274506
0 0.6725 0.9473202614379085 0.0693939393939394 0.04274509803921569
0 0.605 0.9210294117647058 0.03325757575757576 0.028905228758169938
0 0.5104545454545454 0.9425980392156863 0.06320707070707071 0.05934640522875817
0 0.6016919191919192 0.9693137254901961 0.11502525252525252 0.042434640522875815
0 0.5437121212121212 0.9848039215686275 0.10265151515151515 0.03037581699346405
0 0.4472222222222222 0.9761928104575163 0.08934343434343435 0.047598039215686276
0 0.3386363636363636 0.9648529411764706 0.062247474747474746 0.06426470588235293
0 0.2476010101010101 0.9579411764705882 0.09601010101010102 0.04550653594771242
0 0.27090909090909093 0.9915686274509804 0.04941919191919192 0.01684640522875817
0 0.2820707070707071 0.8956535947712418 0.07176767676767677 0.03967320261437909
0 0.3229292929292929 0.9193464052287581 0.032803030303030306 0.025522875816993463
0 0.20366161616161618 0.9111928104575163 0.08411616161616162 0.034444444444444444
0 0.12547979797979797 0.8902777777777778 0.06179292929292929 0.06949346405228758
0 0.11666666666666667 0.8244771241830066 0.0498989898989899 0.03566993464052287
0 0.13308080808080808 0.7326797385620915 0.026616161616161614 0.02799019607843137
0 0.05441919191919192 0.7917156862745097 0.030883838383838385 0.030441176470588235
0 0.9809343434343434 0.8609150326797386 0.03042929292929293 0.026748366013071897
0 0.45315656565656565 0.9179575163398692 0.022348484848484847 0.019068627450980393
0 0.5674747474747475 0.9354901960784313 0.038964646464646466 0.03013071895424837
0 0.4153787878787879 0.9404084967320261 0.05702020202020201 0.020294117647058824
0 0.35787878787878785 0.9084150326797387 0.03042929292929293 0.033823529411764704
0 0.34669191919191916 0.8773692810457517 0.05941919191919192 0.023366013071895425
0 0.2573484848484848 0.8458496732026143 0.06035353535353535 0.029836601307189545
0 0.3056060606060606 0.843235294117647 0.05037878787878788 0.06397058823529411
0 0.3495454545454545 0.8412254901960785 0.0556060606060606 0.023676470588235295
0 0.28255050505050505 0.7002287581699347 0.10502525252525254 0.025833333333333333
0 0.2930050505050505 0.7260620915032681 0.07651515151515152 0.015996732026143788
0 0.2861111111111111 0.7541993464052288 0.06558080808080807 0.026748366013071897
0 0.2725757575757576 0.7958660130718954 0.12785353535353536 0.07073529411764706
0 0.20032828282828283 0.7306699346405229 0.07651515151515152 0.013529411764705882
0 0.20484848484848486 0.742826797385621 0.048484848484848485 0.009526143790849673
0 0.19128787878787878 0.7540522875816994 0.022348484848484847 0.007990196078431372
0 0.1672979797979798 0.971764705882353 0.044671717171717175 0.028905228758169938
0 0.34194444444444444 0.6508660130718954 0.05371212121212121 0.026143790849673203
0 0.2854040404040404 0.6688562091503267 0.02138888888888889 0.024607843137254903
0 0.3902020202020202 0.5947549019607843 0.035176767676767674 0.028284313725490194
0 0.3875757575757576 0.6139705882352942 0.03565656565656566 0.019983660130718953
0 0.42204545454545456 0.5769117647058823 0.038964646464646466 0.019068627450980393
0 0.42987373737373735 0.6116666666666666 0.029949494949494948 0.027679738562091504
0 0.5380050505050505 0.6188888888888888 0.05702020202020201 0.04274509803921569
0 0.5406060606060606 0.6876143790849674 0.10979797979797978 0.08303921568627451
0 0.6121464646464646 0.7102287581699347 0.03325757575757576 0.027369281045751634
0 0.6463636363636364 0.7065359477124182 0.031363636363636364 0.029836601307189545
0 0.6537121212121212 0.6001307189542483 0.03184343434343434 0.031062091503267976
0 0.6310606060606061 0.6457352941176471 0.05537878787878788 0.03450980392156863
0 0.6511111111111111 0.6241176470588234 0.02472222222222222 0.01076797385620915
0 0.6107070707070708 0.6175 0.02090909090909091 0.023986928104575162
0 0.5817171717171717 0.5907516339869281 0.03232323232323232 0.022140522875816995
0 0.613560606060606 0.5936764705882352 0.01994949494949495 0.01261437908496732
0 0.46290404040404043 0.6211928104575164 0.028510101010101006 0.01968954248366013
0 0.17916666666666667 0.6287254901960784 0.047525252525252526 0.04336601307189542
0 0.09267676767676769 0.43730392156862746 0.04371212121212121 0.024607843137254903
0 0.12808080808080807 0.4705065359477124 0.0346969696969697 0.027058823529411764
0 0.6287626262626262 0.39916666666666667 0.03803030303030303 0.025833333333333333
0 0.7549494949494949 0.4274509803921569 0.0498989898989899 0.020915032679738564
0 0.40136363636363637 0.5518464052287582 0.08126262626262626 0.031062091503267976
0 0.32366161616161615 0.583218954248366 0.054191919191919194 0.035359477124183004
0 0.23621212121212123 0.6173529411764705 0.05227272727272727 0.035980392156862745
0 0.11477272727272728 0.622892156862745 0.04611111111111112 0.03228758169934641
0 0.3835353535353535 0.7654248366013072 0.0845959595959596 0.018447712418300653
0 0.3809343434343434 0.7358986928104575 0.0651010101010101 0.039983660130718954
0 0.37000000000000005 0.6796241830065359 0.07555555555555556 0.01784313725490196
0 0.43510101010101015 0.6693300653594771 0.05371212121212121 0.035359477124183004
0 0.3143939393939394 0.6198202614379085 0.05941919191919192 0.028594771241830064
0 0.3835353535353535 0.6368790849673203 0.047525252525252526 0.020915032679738564
0 0.18202020202020203 0.6859313725490196 0.039924242424242425 0.021830065359477124
0 0.4640909090909091 0.7801797385620916 0.07176767676767677 0.09102941176470589
0 0.44626262626262625 0.8684477124183007 0.04277777777777778 0.04366013071895425
0 0.3987373737373738 0.8662908496732026 0.048484848484848485 0.03936274509803921
0 0.3911363636363636 0.9888071895424836 0.02946969696969697 0.02238562091503268
0 0.1798989898989899 0.8273856209150326 0.05085858585858586 0.031683006535947716
0 0.7348232323232323 0.6375163398692811 0.03323232323232323 0.019117647058823527
0 0.6958585858585858 0.6477287581699347 0.03568181818181818 0.022565359477124184
0 0.7997222222222222 0.8072549019607843 0.13702020202020201 0.0856045751633987
0 0.8596969696969697 0.7820261437908497 0.025883838383838384 0.02042483660130719
0 0.7067424242424243 0.7720098039215687 0.08997474747474749 0.031862745098039214
0 0.7282070707070707 0.8047058823529412 0.07103535353535353 0.040457516339869284
0 0.8704545454545455 0.8598529411764706 0.1225 0.11357843137254903
0 0.8584343434343434 0.934313725490196 0.04671717171717172 0.036977124183006534
0 0.5900757575757576 0.7549509803921568 0.14522727272727273 0.062303921568627456
0 0.6731313131313131 0.9044281045751634 0.10166666666666666 0.054281045751633984
0 0.769090909090909 0.899281045751634 0.108510101010101 0.07640522875816994
0 0.7102777777777778 0.851045751633987 0.07659090909090908 0.05545751633986928
0 0.6170454545454546 0.8396895424836601 0.15636363636363637 0.0988235294117647
0 0.5197222222222222 0.8277450980392157 0.044671717171717175 0.061356209150326795
0 0.26482323232323235 0.14223856209150326 0.04525252525252526 0.016552287581699347
0 0.3767929292929293 0.16218954248366013 0.013257575757575758 0.022173202614379085
0 0.3653535353535354 0.2262091503267974 0.02330808080808081 0.07155228758169935
0 0.4732070707070707 0.16959150326797387 0.013257575757575758 0.0115359477124183
0 0.5966161616161616 0.1491830065359477 0.015075757575757576 0.018039215686274507
0 0.6496212121212122 0.17890522875816992 0.024217171717171717 0.015375816993464053
0 0.650530303030303 0.2006372549019608 0.029696969696969697 0.013300653594771243
0 0.6055050505050505 0.317140522875817 0.012803030303030304 0.007990196078431372
0 0.5737626262626263 0.29318627450980395 0.019646464646464648 0.00857843137254902
0 0.5616414141414141 0.3261601307189543 0.017373737373737375 0.01241830065359477
0 0.5835858585858585 0.3326633986928105 0.014621212121212122 0.007091503267973856
0 0.6066666666666667 0.3354738562091503 0.011414141414141413 0.005032679738562092
0 0.4956060606060606 0.6081045751633988 0.02148989898989899 0.01625816993464052
0 0.5346717171717171 0.5885947712418301 0.02101010101010101 0.01449346405228758
0 0.6100757575757576 0.6843954248366013 0.022853535353535355 0.01508169934640523
0 0.4780050505050505 0.8341666666666666 0.050277777777777775 0.015375816993464053
0 0.2545454545454545 0.868921568627451 0.0329040404040404 0.015669934640522874
0 0.16749999999999998 0.8695098039215686 0.018737373737373737 0.027499999999999997
0 0.07151515151515152 0.848218954248366 0.020555555555555556 0.043464052287581705
0 0.08386363636363636 0.9162254901960785 0.018737373737373737 0.012712418300653595
0 0.13224747474747475 0.6971732026143791 0.02393939393939394 0.023039215686274508
0 0.04757575757575758 0.7379738562091503 0.06714646464646465 0.012467320261437908
0 0.05691919191919192 0.6016013071895425 0.04143939393939394 0.02758169934640523
0 0.06305555555555556 0.46370915032679744 0.04436868686868687 0.016241830065359477
0 0.13603535353535354 0.5126307189542484 0.024520202020202022 0.03173202614379085
0 0.4472474747474748 0.7155392156862745 0.06098484848484848 0.03441176470588235
0 0.2445959595959596 0.6791993464052288 0.011464646464646464 0.02284313725490196
0 0.685858585858586 0.9807516339869281 0.039419191919191916 0.017205882352941175
0 0.2707323232323232 0.9255718954248366 0.026136363636363635 0.02076797385620915
0 0.19646464646464645 0.934313725490196 0.022474747474747477 0.010980392156862745
0 0.17674242424242423 0.9436601307189543 0.020631313131313132 0.0201797385620915