0 0.584375 0.74140625 0.01875 0.03125
0 0.60390625 0.67109375 0.0203125 0.0390625
0 0.75859375 0.053125 0.0546875 0.10625
0 0.051859375 0.58496875 0.028421875000000003 0.0405625
0 0.039 0.74675 0.021718750000000002 0.031984374999999995
0 0.092625 0.7008593750000001 0.023375 0.03471875
0 0.0925625 0.6480625 0.034703125 0.0385625
0 0.09668750000000001 0.590875 0.031515625000000005 0.050171875
0 0.145234375 0.5623750000000001 0.04334375 0.039
0 0.171515625 0.641375 0.048812499999999995 0.1028125
0 0.16929687499999999 0.5153749999999999 0.03290625 0.050609375
0 0.209171875 0.42959375 0.119046875 0.142484375
0 0.21935937499999997 0.936125 0.05796875 0.1209375
0 0.26925 0.885890625 0.025374999999999998 0.03828125
0 0.22576562500000003 0.55365625 0.038046875 0.089046875
0 0.21795312500000003 0.6661875 0.02046875 0.031484374999999995
0 0.377046875 0.6498125 0.30070312499999996 0.29321875
0 0.52209375 0.7405781250000001 0.031875 0.051796875
0 0.576453125 0.60740625 0.041749999999999995 0.06215625
0 0.42725 0.897859375 0.275015625 0.204296875
0 0.6359843749999999 0.420734375 0.728046875 0.15921875000000002
0 0.60128125 0.549390625 0.144765625 0.090421875
0 0.8435 0.7070000000000001 0.313 0.40759375000000003
0 0.8547343749999999 0.06284375 0.0646875 0.12132812500000001
0 0.95615625 0.060953125 0.0876875 0.121921875
0 0.6313125 0.068859375 0.19693750000000002 0.13771875
0 0.632890625 0.2229375 0.734203125 0.23046875
0 0.246046875 0.8140468750000001 0.018140625 0.028078125
0 0.1933125 0.7930312500000001 0.0203125 0.02909375
0 0.255265625 0.153875 0.05596875 0.0464375