0 0.408203125 0.26666666666666666 0.24296875 0.3
0 0.36328125 0.5152777777777777 0.065625 0.1597222222222222
0 0.29453125 0.45416666666666666 0.09453125 0.16805555555555557
0 0.560546875 0.42777777777777776 0.340625 0.32083333333333336
0 0.528125 0.80625 0.39765625 0.3875
0 0.3171875 0.7375 0.06796875 0.15416666666666667
0 0.309375 0.8402777777777778 0.053125 0.07916666666666666
0 0.7015625 0.6409722222222223 0.05078125 0.07916666666666666
0 0.7171875 0.7388888888888889 0.03046875 0.0763888888888889
0 0.76171875 0.4284722222222222 0.0359375 0.075
0 0.81015625 0.3013888888888889 0.05625 0.03611111111111111
0 0.226171875 0.3 0.028125 0.041666666666666664