0 0.7925555555555556 0.7331550802139037 0.05959259259259259 0.11053475935828878
0 0.6520370370370371 0.9057754010695187 0.1018148148148148 0.17967914438502675
0 0.1988888888888889 0.16828877005347592 0.09922222222222223 0.18272727272727274
0 0.2877777777777778 0.10304812834224598 0.0627037037037037 0.12267379679144386
0 0.17829629629629629 0.7089839572192514 0.12337037037037038 0.07550802139037432
0 0.13937037037037037 0.7935294117647058 0.0692962962962963 0.06363636363636364
0 0.2197777777777778 0.8704278074866311 0.12455555555555556 0.08609625668449199
0 0.16577777777777777 0.9361497326203209 0.04951851851851852 0.06893048128342247
0 0.24111111111111108 0.9475935828877005 0.08677777777777777 0.07465240641711231
0 0.6805925925925925 0.671336898395722 0.048888888888888885 0.12213903743315507
0 0.5520370370370371 0.7944385026737968 0.10314814814814816 0.10930481283422461
0 0.5588888888888889 0.7503743315508021 0.08781481481481482 0.08786096256684492
0 0.32037037037037036 0.02090909090909091 0.06344444444444444 0.04181818181818182
0 0.08659259259259258 0.17844919786096256 0.06922222222222223 0.10780748663101604