0 0.65546875 0.28515625 0.0171875 0.0203125
0 0.184140625 0.49840625000000005 0.124875 0.061781249999999996
0 0.20423437500000002 0.43496875 0.07082812499999999 0.053890625000000004
0 0.27709375 0.5015 0.048015625 0.03575
0 0.322453125 0.467671875 0.07428125 0.059812500000000005
0 0.36348437499999997 0.44079687500000003 0.049734375 0.038265625
0 0.435109375 0.44771875000000005 0.049234375000000004 0.07196875
0 0.46275000000000005 0.4243125 0.037578125000000004 0.047453125
0 0.49720312499999997 0.440421875 0.022203125 0.04496875
0 0.5275624999999999 0.430265625 0.030875000000000003 0.059609375
0 0.573921875 0.446734375 0.029375000000000002 0.05759375
0 0.542140625 0.593125 0.509375 0.283796875
0 0.563765625 0.55665625 0.047953125 0.029953125000000004
0 0.580859375 0.511671875 0.03853125 0.033140625
0 0.608 0.46209375 0.030609375 0.048671874999999996
0 0.623984375 0.428515625 0.027875 0.03853125
0 0.66884375 0.43075 0.04325 0.04546875
0 0.6878124999999999 0.3958125 0.0489375 0.042515625
0 0.712359375 0.4535625 0.04575 0.047734375
0 0.7685 0.427796875 0.045015625 0.039781250000000004
0 0.900984375 0.4325 0.044296875 0.0373125
0 0.7584531250000001 0.5179843749999999 0.07618749999999999 0.03153125
0 0.2885 0.5785625 0.10800000000000001 0.060984375
0 0.381453125 0.578203125 0.031140624999999998 0.02803125
0 0.41392187500000005 0.597421875 0.027859375 0.040140625
0 0.5093593750000001 0.567546875 0.050171875 0.018062500000000002
0 0.44651562499999997 0.503609375 0.08115625 0.034875
0 0.390625 0.52678125 0.03478125 0.027703125000000002
0 0.48184375 0.5472187500000001 0.02865625 0.030515625
0 0.523234375 0.673125 0.062078125 0.034984375
0 0.5248437499999999 0.63346875 0.05142187499999999 0.034953125
0 0.6070156250000001 0.61290625 0.035812500000000004 0.031468750000000004
0 0.639609375 0.564953125 0.0375625 0.030703124999999998
0 0.80678125 0.718328125 0.056359375 0.043046875
0 0.868765625 0.70509375 0.037843749999999995 0.0355
0 0.9211874999999999 0.66903125 0.029671874999999997 0.030765625
0 0.943734375 0.628765625 0.029187499999999998 0.01959375
0 0.90890625 0.604234375 0.032890625 0.041875
0 0.927125 0.5720156249999999 0.037609375 0.038875
0 0.8664531249999999 0.5137968749999999 0.029828125 0.026937499999999996
0 0.857484375 0.595265625 0.035562500000000004 0.02734375
0 0.831671875 0.44000000000000006 0.058203125 0.03378125
0 0.23932812499999997 0.63184375 0.20660937499999998 0.060640625000000004
0 0.3863125 0.711265625 0.09665625 0.06490625
0 0.519796875 0.728015625 0.055703125 0.054953125000000005
0 0.445625 0.737703125 0.0785 0.077234375
0 0.702265625 0.689875 0.052953125000000004 0.066203125
0 0.78603125 0.6644375 0.0955 0.046125
0 0.81753125 0.5501875 0.142578125 0.034234375
0 0.7204843750000001 0.302515625 0.036703124999999996 0.02971875
0 0.5645156250000001 0.74309375 0.021265625 0.038703125
0 0.6639999999999999 0.7633125 0.022078125 0.027546875
0 0.349359375 0.778546875 0.05859375 0.05134375
0 0.9525781249999999 0.48785937500000004 0.029703125000000004 0.027828125
0 0.9871874999999999 0.47279687499999995 0.025640625 0.026000000000000002
0 0.946828125 0.7032812500000001 0.039875 0.025703125
0 0.83009375 0.305953125 0.032875 0.033734375
0 0.80528125 0.34582812500000004 0.019890625000000002 0.01521875
0 0.841921875 0.344078125 0.02653125 0.020046875
0 0.954640625 0.42915625 0.0221875 0.020328125