0 0.26875 0.19375 0.15 0.334375
0 0.25 0.4390625 0.078125 0.15
0 0.1671875 0.584375 0.175 0.11875
0 0.128125 0.7921875 0.0875 0.15
0 0.44921875 0.7203125 0.0765625 0.146875
0 0.409375 0.83046875 0.059375 0.0984375
0 0.12578125 0.240625 0.0390625 0.075
0 0.5875 0.23351562499999998 0.08125 0.139234375
0 0.77109375 0.18828125 0.0546875 0.0578125
0 0.68046875 0.8609375 0.0515625 0.053125
0 0.45546875 0.1609375 0.0671875 0.315625
0 0.58984375 0.73671875 0.1046875 0.2390625
0 0.5890625 0.51328125 0.075 0.1015625
0 0.51953125 0.56640625 0.0671875 0.0890625
0 0.45234375 0.60390625 0.0578125 0.0609375
0 0.52109375 0.65546875 0.0359375 0.0734375