0 0.0270625 0.08065625 0.052578124999999996 0.161296875
0 0.00796875 0.220640625 0.0159375 0.03471875
0 0.096984375 0.557875 0.19396875 0.48892187500000006
0 0.031734374999999995 0.41407812499999996 0.01034375 0.017203125
0 0.02421875 0.479390625 0.012203124999999999 0.02096875
0 0.03984375 0.58203125 0.009375 0.0125
0 0.05328125 0.5396875 0.0125 0.015625
0 0.04453125 0.55734375 0.0115625 0.0159375
0 0.010015625 0.593609375 0.02003125 0.04721875
0 0.0375 0.3375 0.015625 0.0171875
0 0.035625000000000004 0.24704687500000003 0.01471875 0.02190625
0 0.09718750000000001 0.16829687499999998 0.011265625 0.013750000000000002
0 0.076875 0.172046875 0.0171875 0.0203125
0 0.358546875 0.5682968749999999 0.39221875 0.863421875
0 0.21265625 0.19437500000000002 0.0109375 0.071875
0 0.288296875 0.183296875 0.010953125 0.01503125
0 0.2784375 0.136421875 0.02190625 0.045328125000000004
0 0.2390625 0.020953125 0.0109375 0.0234375
0 0.8168749999999999 0.557078125 0.36625 0.498734375
0 0.598828125 0.506671875 0.10771875 0.12940625
0 0.5591406250000001 0.415921875 0.03553125 0.024484375
0 0.636359375 0.372140625 0.025 0.029359375
0 0.1684375 0.693875 0.057906250000000006 0.09959375000000001
0 0.14350000000000002 0.8754687499999999 0.025328125 0.0533125
0 0.5352812499999999 0.8897656250000001 0.0916875 0.15657812499999998
0 0.06392187499999999 0.94234375 0.12784374999999998 0.1153125
0 0.12821875 0.060453124999999996 0.15045312500000002 0.120890625
0 0.6622343749999999 0.847640625 0.27795312499999997 0.30471875000000004
0 0.684421875 0.072609375 0.63115625 0.14520312500000002