0 0.24150887573964497 0.8251555555555555 0.31085798816568044 0.149
0 0.9095857988165681 0.1744222222222222 0.06094674556213018 0.0488
0 0.6236390532544378 0.08855555555555555 0.15479289940828403 0.07831111111111111
0 0.535 0.15151111111111112 0.03529585798816568 0.031933333333333334
0 0.7792307692307692 0.8528888888888889 0.15479289940828403 0.07675555555555555
0 0.685 0.7759777777777778 0.0930473372781065 0.07953333333333333
0 0.757396449704142 0.16922222222222225 0.14579881656804733 0.041822222222222226
0 0.6885502958579881 0.1368888888888889 0.03849112426035503 0.01977777777777778
0 0.6743786982248521 0.2038222222222222 0.03239644970414201 0.025866666666666666
0 0.9123372781065089 0.22664444444444443 0.056715976331360954 0.045622222222222224
0 0.8287869822485207 0.2814 0.10428994082840237 0.08213333333333334
0 0.9173964497041419 0.2749333333333333 0.06278106508875739 0.05095555555555555
0 0.9720710059171598 0.3224666666666667 0.03849112426035503 0.07604444444444444
0 0.9518047337278106 0.3798888888888889 0.052662721893491124 0.04031111111111111
0 0.9685207100591716 0.16275555555555554 0.05772189349112426 0.03651111111111111
0 0.9472485207100593 0.07566666666666666 0.07390532544378699 0.054
0 0.6399408284023669 0.02453333333333333 0.054674556213017755 0.047155555555555555
0 0.4318639053254438 0.09602222222222223 0.1306213017751479 0.11713333333333334
0 0.4718639053254438 0.01873333333333333 0.16 0.03746666666666666
0 0.2571893491124261 0.05028888888888889 0.2612426035502958 0.10060000000000001
0 0.4440236686390533 0.8598 0.1852958579881657 0.07833333333333334
0 0.6303254437869823 0.8837555555555555 0.19139053254437868 0.18253333333333333
0 0.6283136094674556 0.7457111111111111 0.03745562130177515 0.035755555555555554
0 0.7736094674556213 0.7639777777777779 0.04656804733727811 0.035755555555555554
0 0.9386390532544379 0.7955333333333333 0.04251479289940828 0.031933333333333334
0 0.9416863905325444 0.5403777777777777 0.06479289940828402 0.032711111111111114
0 0.20402366863905325 0.634688888888889 0.11846153846153847 0.07986666666666666
0 0.7999408284023668 0.5696444444444444 0.22479289940828404 0.3422444444444444
0 0.5923668639053254 0.5757333333333333 0.18630177514792898 0.3179111111111111
0 0.41970414201183437 0.6107333333333334 0.1589644970414201 0.3042222222222222
0 0.44248520710059175 0.7928666666666667 0.04455621301775148 0.061599999999999995
0 0.08707100591715976 0.6194666666666666 0.10124260355029585 0.09202222222222221
0 0.14884615384615385 0.7046444444444444 0.12757396449704142 0.08291111111111112