0 0.538875 0.311515625 0.056421874999999996 0.074953125
0 0.16725 0.479390625 0.01553125 0.023828125
0 0.230078125 0.496484375 0.019453124999999998 0.03303125
0 0.20773437499999997 0.470828125 0.015484375 0.021796875
0 0.297890625 0.567015625 0.016453125 0.024734375
0 0.40295312499999997 0.60478125 0.046875 0.066765625
0 0.312828125 0.29878125 0.019890625000000002 0.02840625
0 0.364875 0.331796875 0.016375 0.02240625
0 0.40271875 0.356453125 0.0128125 0.023234374999999998
0 0.42257812499999997 0.33664062499999997 0.015625 0.0255625
0 0.46209375 0.365015625 0.026890625 0.042296875
0 0.44507812500000005 0.30253125000000003 0.01690625 0.020671875
0 0.26046874999999997 0.451765625 0.026984374999999998 0.0369375
0 0.295703125 0.419625 0.029031249999999998 0.034890624999999995
0 0.523828125 0.43512500000000004 0.02109375 0.048390625
0 0.364984375 0.448234375 0.01703125 0.020125
0 0.21653125 0.520359375 0.012125 0.02375
0 0.19537500000000002 0.551265625 0.037093749999999995 0.059359375000000006
0 0.314953125 0.57909375 0.019046874999999998 0.0294375
0 0.46815625 0.330609375 0.014390625 0.022218750000000002
0 0.44515625 0.34015625 0.01846875 0.02753125
0 0.43795312500000005 0.371921875 0.012828125000000001 0.02034375
0 0.39445312499999996 0.308546875 0.010328125 0.014390625
0 0.38084375000000004 0.300109375 0.007515625 0.010015625
0 0.338125 0.3583125 0.027218750000000003 0.058203125
0 0.323578125 0.415734375 0.028171875000000002 0.057265625
0 0.304640625 0.5136875 0.030984374999999998 0.06290625
0 0.331078125 0.531828125 0.02253125 0.040999999999999995
0 0.35471875 0.530578125 0.02284375 0.041625
0 0.399296875 0.529796875 0.06446874999999999 0.035671875
0 0.31637499999999996 0.4683125 0.028796875 0.03975
0 0.3390625 0.481921875 0.030359375 0.030046875
0 0.374265625 0.49178125 0.038796874999999995 0.02346875
0 0.4024375 0.48317187500000003 0.01690625 0.034421875000000005
0 0.44578125 0.489734375 0.06728125 0.01940625
0 0.40290625 0.437796875 0.016578125 0.01690625
0 0.420890625 0.44578125 0.01878125 0.02096875
0 0.43810937499999997 0.45390625 0.010640624999999999 0.009078125
0 0.45390625 0.45689062500000005 0.01909375 0.028796875
0 0.3415625 0.38303125 0.012203124999999999 0.014390625
0 0.354546875 0.3794375 0.01753125 0.025343749999999998
0 0.370359375 0.37975 0.02284375 0.01846875
0 0.37692187499999996 0.409 0.039109375 0.042562499999999996
0 0.352203125 0.420890625 0.02659375 0.0394375
0 0.41776562500000003 0.3788125 0.016265625 0.02034375
0 0.412921875 0.40884375000000006 0.028484375 0.01971875
0 0.44107812500000004 0.393046875 0.038484375 0.024406249999999997
0 0.47628125 0.38740625 0.035671875 0.025031249999999998
0 0.504765625 0.37756249999999997 0.01815625 0.02096875
0 0.553265625 0.371140625 0.030046875 0.0438125
0 0.5805 0.305421875 0.031921875 0.060078125
0 0.570171875 0.344390625 0.02253125 0.02471875
0 0.5000625000000001 0.3145 0.01878125 0.025031249999999998
0 0.4918125 0.444546875 0.015828125000000002 0.018734375
0 0.444140625 0.59446875 0.036234375 0.019578125
0 0.500703125 0.48489062499999996 0.071515625 0.062375
0 0.44898437500000005 0.5137968749999999 0.0368125 0.026468750000000003
0 0.590015625 0.6510312500000001 0.022515625 0.02403125
0 0.58515625 0.67384375 0.0164375 0.020999999999999998
0 0.58925 0.700328125 0.017953125 0.025859375
0 0.5270312500000001 0.69240625 0.017046875 0.022828124999999998
0 0.48990625000000004 0.6995625000000001 0.012171875 0.01825
0 0.47834374999999996 0.686171875 0.010953125 0.01825
0 0.588796875 0.630953125 0.03590625 0.02525
0 0.649046875 0.653609375 0.037125000000000005 0.030421874999999998
0 0.675984375 0.6599999999999999 0.04290625 0.038343749999999996
0 0.623640625 0.654375 0.014296875 0.016125
0 0.612234375 0.66959375 0.01521875 0.020390625000000002
0 0.649203125 0.622421875 0.015515625 0.018562500000000003
0 0.6933281250000001 0.6078125 0.02525 0.022218750000000002
0 0.66853125 0.610703125 0.031640625 0.0395625
0 0.6070625 0.601125 0.028609375 0.043515625
0 0.636734375 0.59640625 0.03134375 0.04625
0 0.55578125 0.5970156249999999 0.024640625 0.028609375
0 0.78278125 0.610703125 0.011875 0.0164375
0 0.5895625 0.370171875 0.04046875 0.0416875
0 0.64175 0.36346875 0.057203125 0.076375
0 0.696515625 0.37290625 0.051734375 0.058125
0 0.74034375 0.415203125 0.035296875 0.058125
0 0.77228125 0.480625 0.055374999999999994 0.0696875
0 0.788109375 0.530375 0.041390625 0.028000000000000004
0 0.570515625 0.478296875 0.06453125 0.07140625
0 0.643296875 0.4645625 0.0791875 0.052171875
0 0.61628125 0.515359375 0.062703125 0.042109375
0 0.7279687499999999 0.5275000000000001 0.105734375 0.1075625
0 0.58584375 0.56959375 0.070484375 0.042562499999999996
0 0.661140625 0.5666249999999999 0.072765625 0.055843750000000004
0 0.530015625 0.5725781249999999 0.038453125 0.027468749999999997
0 0.48721875 0.58515625 0.046234375 0.022421875
0 0.562046875 0.5199374999999999 0.0411875 0.01921875
0 0.523828125 0.5261250000000001 0.034328125 0.0114375
0 0.493171875 0.5320625 0.02609375 0.007781250000000001
0 0.455171875 0.53459375 0.043484375 0.0073281250000000004
0 0.47623437500000004 0.543046875 0.02059375 0.013265625
0 0.69140625 0.436359375 0.112265625 0.0729375
0 0.716046875 0.696390625 0.036140624999999996 0.025984374999999997
0 0.708125 0.671671875 0.01775 0.0221875
0 0.792125 0.42885937500000004 0.020921875 0.04375
0 0.490671875 0.674515625 0.016484375000000002 0.022828124999999998
0 0.8133593749999999 0.48814062500000005 0.02409375 0.021546875