0 0.298359375 0.3118125 0.152640625 0.209265625
0 0.43640625 0.36589062499999997 0.057640625 0.160671875
0 0.05834375000000001 0.8278437500000001 0.11668750000000001 0.169609375
0 0.190953125 0.7193906250000001 0.16403125000000002 0.242578125
0 0.22109375 0.923078125 0.09135937499999999 0.153859375
0 0.1605625 0.9726874999999999 0.063578125 0.054640625
0 0.325890625 0.7816875 0.14221875 0.436625
0 0.27578125 0.970703125 0.063828125 0.058609375
0 0.46057812499999995 0.9131562499999999 0.151953125 0.173703125
0 0.341390625 0.502796875 0.074828125 0.16459375
0 0.6566875 0.8858593750000001 0.24221875 0.228265625
0 0.774625 0.795671875 0.091171875 0.117328125
0 0.8645468749999999 0.9379531249999999 0.151953125 0.12409375
0 0.041484375000000004 0.1285 0.06742187499999999 0.1541875
0 0.028671875000000003 0.074875 0.057343750000000006 0.14976562499999999
0 0.10884374999999999 0.0213125 0.045828125 0.041015625
0 0.06642187499999999 0.21296875 0.055265625 0.0770625