0 0.56484375 0.45385937500000006 0.12090624999999999 0.169640625
0 0.7999375 0.337609375 0.025828125 0.03740625
0 0.8135312499999999 0.282609375 0.034296875 0.090421875
0 0.770109375 0.22225 0.053453125000000004 0.05434375
0 0.765640625 0.16234375 0.053453125000000004 0.061906249999999996
0 0.773671875 0.06525 0.056125 0.12515625
0 0.8095156250000001 0.181953125 0.028953125000000003 0.106453125
0 0.68540625 0.1491875 0.066078125 0.298390625
0 0.69903125 0.370234375 0.059781249999999994 0.14264062500000002
0 0.694203125 0.458078125 0.028687499999999998 0.04821875
0 0.7183125 0.49135937500000004 0.021124999999999998 0.057390624999999994
0 0.49371875000000004 0.30028125 0.0944375 0.20192187499999997
0 0.4885 0.126203125 0.050046875000000005 0.145359375
0 0.561046875 0.197265625 0.081984375 0.34021875
0 0.616390625 0.184203125 0.08403125 0.34790625
0 0.922265625 0.13928125 0.04690625 0.147671875
0 0.946296875 0.240921875 0.025484374999999997 0.047484375
0 0.7039375 0.59446875 0.04690625 0.1025
0 0.866375 0.063421875 0.027796875 0.126828125
0 0.8655156249999999 0.19603125 0.02375 0.143046875
0 0.89215625 0.34603125 0.034171875000000004 0.024906249999999998
0 0.882296875 0.397859375 0.037640625 0.047484375
0 0.8689843749999999 0.45143750000000005 0.020265625000000002 0.04690625
0 0.9422499999999999 0.30578125 0.024328125 0.067171875
0 0.945140625 0.4094375 0.03359375 0.044015625
0 0.9448437500000001 0.38020312500000003 0.019109375 0.027218750000000003
0 0.9677187500000001 0.38425 0.017374999999999998 0.027218750000000003
0 0.9855937499999999 0.34196875000000004 0.028796875 0.06543750000000001
0 0.99428125 0.41176562499999997 0.011421875 0.05675
0 0.972640625 0.478359375 0.04921875 0.082234375
0 0.989078125 0.516 0.021843750000000002 0.027796875
0 0.9277656249999999 0.553359375 0.024328125 0.0306875
0 0.9034375000000001 0.602578125 0.01853125 0.036484375
0 0.9315312499999999 0.613296875 0.019109375 0.028953125000000003
0 0.9072968749999999 0.69978125 0.057906250000000006 0.031375
0 0.9184687500000001 0.7368750000000001 0.025937500000000002 0.034390625
0 0.938671875 0.7368750000000001 0.032578125 0.062140625000000005
0 0.8065 0.423046875 0.0223125 0.058562499999999997
0 0.672078125 0.63025 0.027890625000000002 0.04796875
0 0.672359375 0.486359375 0.031796875 0.042390625
0 0.6581406249999999 0.39851562500000004 0.024546875000000003 0.04071875
0 0.753515625 0.416921875 0.0223125 0.034015625
0 0.512296875 0.857234375 0.046203125 0.063875
0 0.5859062500000001 0.7616562499999999 0.091046875 0.185265625
0 0.447984375 0.689171875 0.026265624999999997 0.034875
0 0.47062499999999996 0.683515625 0.01903125 0.029890624999999997
0 0.468359375 0.71590625 0.024453125 0.019484375
0 0.499609375 0.78203125 0.036234375 0.085609375