0 0.3585625 0.67303125 0.02065625 0.0381875
0 0.00790625 0.40678125 0.0095625 0.015125
0 0.12078124999999999 0.40753125 0.011765625 0.031656250000000004
0 0.06875 0.58671875 0.0125 0.0171875
0 0.184375 0.56484375 0.015625 0.025
0 0.19140625 0.48020312499999995 0.013359375000000001 0.041171875000000004
0 0.034375 0.5421875 0.015625 0.0375
0 0.1421875 0.6421875 0.0203125 0.034375
0 0.05525 0.20270312499999998 0.010515625 0.014781250000000001
0 0.17153125 0.23810937499999998 0.009375 0.01875
0 0.1328125 0.277296875 0.009375 0.0234375
0 0.1480625 0.15787500000000002 0.016968749999999998 0.0265625
0 0.1890625 0.174265625 0.0140625 0.037593749999999995
0 0.1984375 0.267265625 0.0125 0.031421875
0 0.15815625 0.293875 0.015625 0.028125
0 0.19148437499999998 0.091953125 0.009984375 0.013796875
0 0.078984375 0.011703125 0.012625 0.02340625
0 0.146734375 0.014343749999999999 0.013578125 0.028671875000000003
0 0.031968750000000004 0.0221875 0.013953125 0.025625
0 0.025890625 0.11225 0.01896875 0.02753125
0 0.222515625 0.02053125 0.014578125 0.02728125
0 0.22421875 0.796875 0.0078125 0.021875
0 0.209375 0.909375 0.0109375 0.025
0 0.2203125 0.37265625 0.009375 0.0171875
0 0.442578125 0.9911562500000001 0.036921875 0.017687500000000002
0 0.41221874999999997 0.805 0.0325625 0.05234375
0 0.41974999999999996 0.887328125 0.015765625 0.047265625
0 0.44185937500000005 0.8596875 0.0161875 0.03153125
0 0.420921875 0.97153125 0.014656250000000001 0.031453125
0 0.396203125 0.9884999999999999 0.017828125 0.022984375
0 0.24562499999999998 0.59809375 0.02146875 0.039718750000000004
0 0.26709375 0.754359375 0.0355 0.044609375
0 0.49384375 0.9436875 0.043437500000000004 0.056781250000000005
0 0.54040625 0.9760156249999999 0.021609375 0.039468750000000004
0 0.128375 0.993328125 0.01071875 0.013343749999999998
0 0.31071875000000004 0.9887499999999999 0.010859375000000001 0.0225
0 0.385140625 0.7073437499999999 0.019875 0.050875000000000004
0 0.206546875 0.4570625 0.009796875 0.021453125