0 0.7421568627450981 0.23279352226720648 0.053218954248366014 0.06769230769230769
0 0.06756535947712418 0.9279352226720647 0.04493464052287582 0.0562753036437247
0 0.443202614379085 0.2821862348178138 0.06338235294117647 0.09050607287449393
0 0.4770424836601307 0.21495951417004047 0.062320261437908496 0.051902834008097164
0 0.5415032679738562 0.23360323886639678 0.05586601307189542 0.049251012145748986
0 0.5898529411764706 0.26354251012145746 0.0365359477124183 0.058562753036437244
0 0.6687254901960784 0.3097165991902834 0.11475490196078432 0.11530364372469636
0 0.6133986928104574 0.3980364372469635 0.09197712418300653 0.05722672064777328
0 0.5554738562091504 0.5803441295546559 0.17405228758169933 0.19433198380566802
0 0.5725653594771242 0.4550404858299595 0.0868954248366013 0.050222672064777325
0 0.7101960784313726 0.6375708502024291 0.12032679738562091 0.13309716599190283
0 0.8428758169934641 0.585 0.14504901960784314 0.13975708502024292
0 0.013120915032679738 0.8998582995951416 0.026225490196078432 0.15912955465587045
0 0.241062091503268 0.9869028340080971 0.12031045751633986 0.02617408906882591
0 0.08910130718954248 0.9902834008097166 0.0606045751633987 0.019453441295546558
0 0.4179084967320261 0.3557894736842105 0.05246732026143791 0.05491902834008097
0 0.3901143790849673 0.40910931174089066 0.04349673202614379 0.0482995951417004
0 0.3630065359477124 0.4808502024291498 0.0536764705882353 0.0909919028340081
0 0.33223856209150326 0.5537854251012145 0.05660130718954248 0.053238866396761134
0 0.3028921568627451 0.5972672064777328 0.04506535947712418 0.028562753036437245
0 0.28271241830065363 0.6271457489878542 0.04140522875816993 0.027267206477732796
0 0.2583496732026144 0.653744939271255 0.04506535947712418 0.022064777327935225
0 0.23633986928104572 0.6764777327935223 0.0513562091503268 0.019473684210526313
0 0.21616013071895424 0.6956275303643724 0.046633986928104575 0.014939271255060728
0 0.18944444444444444 0.7141295546558704 0.05712418300653595 0.022064777327935225
0 0.15145424836601307 0.7404251012145748 0.07545751633986927 0.02402834008097166
0 0.12104575163398693 0.7628137651821862 0.05449346405228758 0.015587044534412956
0 0.0925 0.7832793522267206 0.06130718954248367 0.02271255060728745
0 0.06890522875816994 0.8037246963562753 0.051879084967320264 0.01688259109311741
0 0.05031045751633987 0.8319635627530364 0.04926470588235294 0.03959514170040485
0 0.10952614379084967 0.9708906882591093 0.032483660130718954 0.016234817813765182
0 0.1378267973856209 0.9342105263157895 0.06498366013071896 0.06621457489878543
0 0.18 0.8699392712550608 0.06550653594771243 0.05842105263157894
0 0.41897058823529415 0.6657692307692308 0.09799019607843137 0.13698380566801618
0 0.34717320261437906 0.7251619433198381 0.04245098039215686 0.05194331983805668
0 0.3047222222222222 0.7566599190283402 0.04245098039215686 0.056477732793522264
0 0.23555555555555555 0.7998178137651822 0.09589869281045751 0.07659919028340081
0 0.49573529411764705 0.7413967611336032 0.09746732026143791 0.12595141700404858
0 0.43967320261437903 0.8277327935222671 0.04506535947712418 0.040242914979757086
0 0.40717320261437906 0.8783805668016195 0.05449346405228758 0.05582995951417004
0 0.3511111111111111 0.9468825910931173 0.09851307189542484 0.0824493927125506