0 0.47817187499999997 0.50990625 0.05815625 0.10425
0 0.48882812500000006 0.68865625 0.083921875 0.24828125
0 0.547796875 0.718546875 0.053625 0.09965625
0 0.59328125 0.77659375 0.051453125 0.062046875
0 0.805203125 0.507390625 0.11751562499999998 0.18859375
0 0.8892031250000001 0.6725625 0.040453125 0.04846875
0 0.9313593750000001 0.664625 0.034578125 0.062390625
0 0.94415625 0.23271875 0.030609375 0.043687500000000004
0 0.91271875 0.272453125 0.03421875 0.05425
0 0.9432499999999999 0.280921875 0.03025 0.024734375
0 0.590609375 0.67040625 0.0229375 0.07771875
0 0.737015625 0.58303125 0.042328125 0.040578125
0 0.91690625 0.229890625 0.02590625 0.028421875000000003
0 0.9220312500000001 0.189921875 0.018578125 0.02915625
0 0.94746875 0.11187499999999999 0.043109375 0.0438125
0 0.890375 0.17265625 0.027609375000000002 0.052265625
0 0.851703125 0.18946875000000002 0.02021875 0.0390625
0 0.8332499999999999 0.21301562500000001 0.029312500000000002 0.030703124999999998
0 0.6870937500000001 0.10787500000000001 0.02803125 0.03290625
0 0.7255 0.11453125 0.016968749999999998 0.034
0 0.7574687499999999 0.130484375 0.02146875 0.06515625
0 0.786640625 0.16214062499999998 0.022546875 0.047796875
0 0.698625 0.16699999999999998 0.02659375 0.06328125
0 0.624109375 0.1539375 0.021578125 0.05878124999999999
0 0.589171875 0.10670312500000001 0.016546875 0.04065625
0 0.553296875 0.1143125 0.025500000000000002 0.037140625
0 0.515734375 0.151734375 0.023671875000000002 0.026265624999999997
0 0.481703125 0.13453125 0.013218750000000001 0.026437500000000003
0 0.49371875000000004 0.131015625 0.012953125 0.024453125
0 0.48948437499999997 0.15446875 0.018921874999999998 0.025281249999999998
0 0.498625 0.20418750000000002 0.018265625 0.033937499999999995
0 0.50984375 0.23093750000000002 0.01784375 0.021875
0 0.55734375 0.215 0.020421875 0.048359374999999996
0 0.6544531250000001 0.11853125 0.019625 0.024390625
0 0.668171875 0.13809375 0.0203125 0.029484375
0 0.580578125 0.247796875 0.029421874999999997 0.042796875
0 0.64915625 0.208890625 0.025656250000000002 0.0296875
0 0.614640625 0.21798437499999998 0.026703125 0.049875
0 0.589125 0.201765625 0.035671875 0.04478125
0 0.49264062500000005 0.2769375 0.014499999999999999 0.027015624999999998
0 0.505484375 0.32846875 0.0235 0.040703125
0 0.485140625 0.330640625 0.012828125000000001 0.036375000000000005
0 0.5156875000000001 0.407765625 0.0195 0.038328125000000005
0 0.51875 0.37971875 0.022796875 0.0199375
0 0.48048437499999996 0.38221875 0.016015625 0.023421875
0 0.47068750000000004 0.45131249999999995 0.015265625 0.02665625
0 0.5683906249999999 0.8469843750000001 0.016718749999999998 0.02865625
0 0.566328125 0.87209375 0.01259375 0.02046875
0 0.68546875 0.808171875 0.02496875 0.038078125000000004
0 0.7245468749999999 0.739296875 0.029453125000000004 0.02703125
0 0.7687968749999999 0.7384375000000001 0.017734375 0.036328125
0 0.7943125 0.720875 0.014218749999999999 0.03425
0 0.9535312499999999 0.7019062500000001 0.018625 0.02496875
0 0.9832812499999999 0.63909375 0.019734375000000002 0.026609375
0 0.745828125 0.6909375 0.03459375 0.04325
0 0.787109375 0.6325937500000001 0.014687500000000001 0.059343749999999994
0 0.8033906249999999 0.60928125 0.015859375000000002 0.022625
0 0.799609375 0.639171875 0.011046875000000001 0.023453125
0 0.9249375000000001 0.540625 0.013250000000000001 0.028000000000000004
0 0.94103125 0.545203125 0.01621875 0.01953125
0 0.9823437500000001 0.50253125 0.01959375 0.028390625000000003
0 0.940265625 0.48482812500000005 0.024609375 0.032109375
0 0.9409218750000001 0.516453125 0.019859375000000002 0.028125
0 0.871703125 0.513078125 0.019171874999999998 0.058296875000000005
0 0.690796875 0.649140625 0.024781249999999998 0.07535937499999999
0 0.643859375 0.621140625 0.0201875 0.047453125
0 0.663875 0.601546875 0.0249375 0.039109375
0 0.634296875 0.546828125 0.026937499999999996 0.04040625
0 0.6425625 0.5041249999999999 0.032453125 0.045890625000000004
0 0.67978125 0.488375 0.033078125 0.040859374999999996
0 0.574140625 0.5855312500000001 0.033875 0.05115625
0 0.587390625 0.546859375 0.026640625 0.03
0 0.541109375 0.65065625 0.027750000000000004 0.03540625
0 0.56725 0.49965624999999997 0.03496875 0.052937500000000005
0 0.60371875 0.485265625 0.044578125 0.038484375
0 0.5687656249999999 0.442484375 0.029765625 0.03721875
0 0.549453125 0.4144375 0.023625 0.04171875
0 0.569625 0.326609375 0.034234375 0.03628125
0 0.7454531249999999 0.240453125 0.048796875 0.039171875
0 0.79359375 0.23021875 0.03075 0.069953125
0 0.8331875 0.24912499999999999 0.029171875000000003 0.043859375
0 0.8536718750000001 0.250328125 0.0233125 0.05178125
0 0.726546875 0.18784375 0.021374999999999998 0.031468750000000004
0 0.8317343749999999 0.11670312499999999 0.035421875000000005 0.051140624999999995
0 0.82203125 0.1703125 0.039421875 0.046546875
0 0.610640625 0.125515625 0.020921875 0.036265625
0 0.6620468749999999 0.169625 0.028468749999999998 0.03965625
0 0.567359375 0.156125 0.014937500000000001 0.022578124999999998
0 0.58378125 0.14971874999999998 0.019546875 0.028499999999999998
0 0.535578125 0.218765625 0.0278125 0.03215625
0 0.560265625 0.27265625 0.022515625 0.017640625
0 0.54015625 0.29015625 0.018109375 0.023984375
0 0.609875 0.26221875 0.024640625 0.033687499999999995
0 0.705765625 0.5260312500000001 0.0193125 0.050249999999999996
0 0.714078125 0.585046875 0.02321875 0.031796875
0 0.6680312500000001 0.55584375 0.03625 0.049812499999999996
0 0.683984375 0.522328125 0.0383125 0.029203125000000003
0 0.614109375 0.546203125 0.027140625 0.06784375000000001
0 0.6037343749999999 0.58784375 0.018640625 0.046015625
0 0.5419375 0.531546875 0.020203125 0.025796875000000004
0 0.6096250000000001 0.64396875 0.021421875 0.01859375
0 0.691265625 0.7487812500000001 0.0165625 0.0343125
0 0.676359375 0.7245468749999999 0.019671875 0.030296875
0 0.661078125 0.7536562499999999 0.013968749999999999 0.038140625
0 0.643953125 0.66171875 0.017828125 0.0325
0 0.6266093749999999 0.718890625 0.014000000000000002 0.022453124999999997
0 0.6057187500000001 0.711359375 0.017265625 0.012828125000000001
0 0.7227187500000001 0.6252500000000001 0.021406249999999998 0.03265625
0 0.735171875 0.65028125 0.023890625 0.023390625
0 0.71359375 0.649046875 0.016609375000000003 0.025859375
0 0.740921875 0.618140625 0.015296874999999998 0.030796875
0 0.6631875 0.8402968749999999 0.026468750000000003 0.036
0 0.691078125 0.8428906250000001 0.026359375 0.028328125
0 0.638375 0.8001093750000001 0.041953125 0.034749999999999996
0 0.6105937499999999 0.82734375 0.024125 0.040265625
0 0.5507187499999999 0.8095000000000001 0.00971875 0.04315625
0 0.56165625 0.828828125 0.0109375 0.017515625
0 0.55365625 0.845265625 0.010640624999999999 0.01925
0 0.805453125 0.869015625 0.0311875 0.036078125
0 0.83321875 0.835125 0.018390625 0.02715625
0 0.800609375 0.7474999999999999 0.020624999999999998 0.022
0 0.819546875 0.6564062500000001 0.01628125 0.016843749999999998
0 0.8442187499999999 0.6621875 0.015171875000000001 0.014546875
0 0.8532343750000001 0.679796875 0.01690625 0.015187500000000001
0 0.833390625 0.683734375 0.013328125 0.026500000000000003
0 0.7643125000000001 0.640015625 0.015562500000000002 0.0275625
0 0.771484375 0.69840625 0.015062500000000001 0.025171875
0 0.66109375 0.6553125 0.016296875 0.018984375
0 0.6711406249999999 0.628671875 0.011203125 0.024656249999999998
0 0.6189375 0.624796875 0.025953125 0.021875
0 0.5905 0.621921875 0.0160625 0.0220625
0 0.64128125 0.69828125 0.036640624999999996 0.026421875
0 0.725125 0.47175 0.037609375 0.05696875
0 0.733015625 0.51490625 0.031109375 0.025093749999999998
0 0.8944375000000001 0.37296874999999996 0.024328125 0.067109375
0 0.8392968749999999 0.395515625 0.066171875 0.043937500000000004
0 0.74303125 0.32371875 0.040265625 0.04475
0 0.70965625 0.2886875 0.0366875 0.05354687500000001
0 0.716328125 0.35909375 0.023953125 0.031421875
0 0.7448750000000001 0.36959375 0.01628125 0.0301875
0 0.786609375 0.339890625 0.02803125 0.024671875
0 0.637734375 0.360375 0.02640625 0.07978125
0 0.6701875 0.43390625 0.026421875 0.060750000000000005
0 0.635203125 0.4563125 0.044640625 0.040125
0 0.612484375 0.37882812499999996 0.02409375 0.05923437499999999
0 0.585046875 0.39025 0.031765625 0.0541875
0 0.59684375 0.43729687500000003 0.041328125 0.05328125
0 0.48442187499999995 0.41832812500000005 0.016843749999999998 0.027875
0 0.466671875 0.41107812499999996 0.01365625 0.0139375
0 0.515359375 0.4923125 0.0175625 0.10245312499999999
0 0.920671875 0.807234375 0.016625 0.031484374999999995
0 0.944671875 0.801859375 0.013421875 0.017328125
0 0.986921875 0.857375 0.01428125 0.017984375
0 0.733484375 0.808828125 0.020515625000000003 0.023296875
0 0.741734375 0.830703125 0.021078125 0.02153125
0 0.708421875 0.792546875 0.01540625 0.02315625
0 0.63840625 0.752546875 0.029703125000000004 0.05121875
0 0.604125 0.737265625 0.032265625 0.02353125
0 0.8795 0.563578125 0.0378125 0.03678125
0 0.7299218749999999 0.41957812499999997 0.029265625 0.0474375
0 0.702265625 0.4498125 0.030328125 0.04246875
0 0.6935156250000001 0.381890625 0.046390625000000005 0.074453125
0 0.8358125 0.31659375 0.0363125 0.096296875
0 0.8013125000000001 0.301515625 0.03275 0.05248437500000001
0 0.67559375 0.258625 0.025859375 0.071390625
0 0.69853125 0.21321875 0.034234375 0.033453125
0 0.8762656249999999 0.138203125 0.025078125 0.034187499999999996
0 0.8848437499999999 0.109578125 0.022875 0.0395
0 0.8006718749999999 0.114265625 0.03565625 0.035812500000000004
0 0.765484375 0.191359375 0.01625 0.023890625
0 0.63428125 0.300453125 0.044203124999999996 0.041828125
0 0.67865625 0.3328125 0.0405625 0.02690625
0 0.5819062500000001 0.282453125 0.016015625 0.0165
0 0.5835 0.30484374999999997 0.015640625 0.014421875
0 0.5165625 0.294171875 0.0249375 0.026546874999999998
0 0.5708593750000001 0.365328125 0.021374999999999998 0.024875
0 0.5513281250000001 0.573734375 0.0141875 0.022640625
0 0.7738437499999999 0.391078125 0.056843750000000005 0.039515625
0 0.612140625 0.859375 0.05371875 0.034546875
0 0.45695312499999996 0.83078125 0.02003125 0.030046875