0 0.926953125 0.12708333333333333 0.03125 0.03611111111111111
0 0.1921875 0.8451388888888889 0.1984375 0.30972222222222223
0 0.4125 0.9402777777777778 0.17890625 0.11944444444444445
0 0.5625 0.8541666666666666 0.109375 0.09305555555555556
0 0.57265625 0.9666666666666667 0.12421875 0.06666666666666667
0 0.271875 0.42083333333333334 0.0828125 0.13194444444444445
0 0.165234375 0.5805555555555556 0.09609375 0.18333333333333332
0 0.080859375 0.10555555555555556 0.10234375 0.2111111111111111
0 0.057421875 0.9486111111111111 0.1140625 0.09305555555555556
0 0.4078125 0.8597222222222223 0.1171875 0.075
0 0.119921875 0.2972222222222222 0.06640625 0.1361111111111111
0 0.059765625 0.4513888888888889 0.11953125 0.16944444444444445
0 0.361328125 0.7347222222222223 0.02734375 0.14583333333333334