0 0.41725 0.20985937500000001 0.100515625 0.053828125000000004
0 0.47109375 0.23176562500000003 0.044265624999999996 0.05
0 0.059375 0.45260937500000004 0.041671875000000004 0.021875
0 0.6124375 0.48445312500000004 0.21446874999999999 0.10404687500000001
0 0.42471875 0.522984375 0.168515625 0.1479375
0 0.5972500000000001 0.23181250000000003 0.20982812499999998 0.188140625
0 0.6427968749999999 0.14396875 0.06946875 0.04978125
0 0.32090625 0.857546875 0.037234375 0.08684375
0 0.371875 0.2765625 0.0875 0.06875
0 0.5023125 0.228296875 0.025796875000000004 0.021687500000000002
0 0.66084375 0.197515625 0.038093749999999996 0.07032812499999999
0 0.325 0.7053906249999999 0.176421875 0.21159374999999997
0 0.341703125 0.9336874999999999 0.049234375000000004 0.057437499999999996
0 0.256421875 0.9064687499999999 0.0556875 0.187046875
0 0.519015625 0.356953125 0.14125000000000001 0.059781249999999994
0 0.47153124999999996 0.41760937499999995 0.08615625 0.060375
0 0.7095 0.38068749999999996 0.12601562500000002 0.107265625
0 0.7818906250000001 0.49907812500000004 0.12073437499999999 0.12953125000000001
0 0.8800625 0.632125 0.128359375 0.08615625
0 0.8369843749999999 0.579375 0.06915625 0.027546875
0 0.88796875 0.57321875 0.026968750000000003 0.01640625
0 0.9243124999999999 0.708625 0.09378125000000001 0.07620312500000001
0 0.912875 0.8094374999999999 0.084984375 0.078546875
0 0.9395468749999999 0.75696875 0.065640625 0.022859375
0 0.45425000000000004 0.140375 0.037515625000000004 0.039265625
0 0.717265625 0.03659375 0.034671875000000005 0.024406249999999997