0 0.35103125 0.424125 0.074359375 0.085984375
0 0.656265625 0.368421875 0.035765625 0.054109375
0 0.44671874999999994 0.46309374999999997 0.042578125 0.037328125000000004
0 0.493265625 0.619578125 0.03540625 0.042109375
0 0.6309375 0.258828125 0.08837500000000001 0.12403125
0 0.728375 0.36931250000000004 0.051546875000000006 0.06351562499999999
0 0.792609375 0.23603125 0.042078125 0.069890625
0 0.702046875 0.3176875 0.034937499999999996 0.039218750000000004
0 0.776578125 0.36724999999999997 0.02425 0.04278125
0 0.9820625 0.46101562500000004 0.035875000000000004 0.08771875
0 0.954484375 0.480625 0.0278125 0.052765625000000003
0 0.9567500000000001 0.5640625 0.086515625 0.112671875
0 0.92346875 0.6403749999999999 0.037078125 0.05134375
0 0.97053125 0.645 0.014265625 0.0206875
0 0.8289843749999999 0.5665625000000001 0.037796875 0.040640625
0 0.893515625 0.48776562500000004 0.0399375 0.0470625
0 0.8674843750000001 0.5301875 0.037796875 0.0520625
0 0.8375468749999999 0.49418749999999995 0.03209375 0.041359375
0 0.83040625 0.43714062499999995 0.037796875 0.05134375
0 0.626109375 0.555859375 0.037078125 0.0435
0 0.6093437500000001 0.6004375 0.042078125 0.055625
0 0.514859375 0.5195000000000001 0.04421875 0.07915625
0 0.570125 0.579390625 0.0278125 0.049203125
0 0.488125 0.531625 0.01925 0.026390625
0 0.353703125 0.54409375 0.04278125 0.094125
0 0.5758281249999999 0.5095156249999999 0.024953125 0.034937499999999996