0 0.688875 0.8913125000000001 0.038843749999999996 0.056406250000000005
0 0.672953125 0.836328125 0.023046875 0.028937499999999998
0 0.8051718749999999 0.757390625 0.035390624999999995 0.06587499999999999
0 0.48128125 0.290078125 0.017171875 0.0223125
0 0.49740624999999994 0.3675625 0.021124999999999998 0.018875
0 0.50009375 0.33278125 0.018015625 0.02284375
0 0.005578125 0.55859375 0.01115625 0.028999999999999998
0 0.004578125000000001 0.66909375 0.00878125 0.016609375000000003
0 0.0188125 0.6153593749999999 0.017046875 0.021234375
0 0.026984374999999998 0.584875 0.024203125 0.0190625
0 0.187390625 0.71925 0.025281249999999998 0.025031249999999998
0 0.093046875 0.59671875 0.033203125 0.026218750000000002
0 0.1335625 0.59571875 0.038890625 0.029078125
0 0.21385937500000002 0.619421875 0.05615625 0.04415625
0 0.1896875 0.5644843749999999 0.0206875 0.018703125
0 0.193453125 0.5196562499999999 0.01903125 0.017265625
0 0.439609375 0.879046875 0.018875 0.015703125000000002
0 0.656234375 0.7555 0.014796875000000001 0.020374999999999997
0 0.50484375 0.671546875 0.11290625000000001 0.05532812499999999
0 0.5660000000000001 0.3524375 0.02165625 0.021718750000000002
0 0.768546875 0.522453125 0.334203125 0.392359375
0 0.6434375 0.31771875 0.016921875 0.020265625000000002
0 0.65215625 0.265859375 0.013671875 0.02
0 0.6398906249999999 0.230765625 0.009828125 0.013375000000000001
0 0.5875 0.18325 0.0129375 0.017390625
0 0.550984375 0.17534375 0.01975 0.01784375
0 0.386046875 0.32509375 0.015015625 0.017296875
0 0.32315625 0.38596875 0.017828125 0.020796875
0 0.40559375 0.4363125 0.12240625000000001 0.06775
0 0.362984375 0.47676562499999997 0.029609375 0.032609375
0 0.7085781250000001 0.307765625 0.084609375 0.058109375
0 0.42824999999999996 0.5409843750000001 0.132859375 0.069359375
0 0.44567187500000005 0.50534375 0.053609375 0.037796875
0 0.3161875 0.57725 0.090921875 0.091
0 0.288125 0.578546875 0.052234375 0.044796875
0 0.5440625 0.55809375 0.109203125 0.31759375
0 0.294140625 0.479109375 0.035078125 0.032734374999999996
0 0.24132812499999998 0.455484375 0.030109375 0.03290625
0 0.3296875 0.482328125 0.033687499999999995 0.0210625
0 0.38215625000000003 0.48128125 0.039859375 0.0440625
0 0.47896875000000005 0.45776562500000006 0.043640625 0.087640625