0 0.50859375 0.46015625 0.0390625 0.090625
0 0.4484375 0.3421875 0.046875 0.090625
0 0.398765625 0.20390625 0.05121875 0.084734375
0 0.5109375 0.31015625 0.0484375 0.1046875
0 0.486171875 0.65234375 0.070734375 0.1125
0 0.4140625 0.48203125 0.084375 0.15
0 0.0734375 0.37734375 0.0859375 0.140625
0 0.1375 0.3578125 0.025 0.0375
0 0.16640625 0.4578125 0.025 0.0453125
0 0.15078125 0.647828125 0.015625 0.023109374999999998
0 0.1583125 0.745703125 0.015296874999999998 0.024
0 0.24246875 0.707921875 0.01775 0.028796875
0 0.340625 0.674390625 0.025 0.040296874999999996
0 0.35390625 0.73671875 0.046875 0.0734375
0 0.307421875 0.7951406249999999 0.05859375 0.09253125
0 0.25078125 0.83309375 0.0171875 0.0306875
0 0.196875 0.91640625 0.0203125 0.0328125
0 0.3833125 0.8229843750000001 0.06171875 0.097546875
0 0.317515625 0.882578125 0.013609375000000002 0.019640625000000002
0 0.40234375 0.910484375 0.046875 0.034375
0 0.448265625 0.7806875 0.012828125000000001 0.020296875
0 0.538171875 0.80290625 0.0125 0.0203125
0 0.52109375 0.8359375 0.0203125 0.0296875
0 0.664171875 0.815515625 0.025 0.040625
0 0.7131093749999999 0.8829218750000001 0.027125 0.042859375
0 0.6578125 0.9203125 0.0203125 0.0203125
0 0.741515625 0.7873281249999999 0.022546875 0.032484374999999996
0 0.7050156249999999 0.763171875 0.013359375000000001 0.020749999999999998
0 0.85859375 0.908765625 0.02946875 0.045656249999999995
0 0.941171875 0.9175156250000001 0.020484375 0.024531249999999998
0 0.9772343749999999 0.8215468749999999 0.02946875 0.0464375
0 0.979859375 0.8854843750000001 0.040281250000000005 0.0703125
0 0.9565781250000001 0.66975 0.030359375 0.05625
0 0.909765625 0.701671875 0.059265625 0.09375
0 0.789390625 0.598375 0.016734375000000003 0.029359375
0 0.80703125 0.64765625 0.025 0.0375
0 0.83046875 0.5828125 0.053125 0.0875
0 0.747671875 0.67225 0.01884375 0.02834375
0 0.697875 0.558421875 0.028796875 0.043859375
0 0.646765625 0.608421875 0.05134375 0.083921875
0 0.605796875 0.574609375 0.0189375 0.032078125
0 0.8196249999999999 0.463859375 0.018859375 0.030484375
0 0.83071875 0.42312500000000003 0.017234375 0.028046875
0 0.9103749999999999 0.333046875 0.0171875 0.0296875
0 0.90528125 0.21084375 0.021875 0.034375
0 0.9055 0.253953125 0.021875 0.034375
0 0.7908906250000001 0.398125 0.0125 0.0234375
0 0.6390625 0.43515625 0.0875 0.1125
0 0.64296875 0.30078125 0.0390625 0.065625
0 0.591171875 0.256484375 0.019 0.03071875
0 0.5595 0.13371875 0.022125 0.0393125
0 0.75053125 0.07734375 0.0109375 0.015625
0 0.7791718750000001 0.04790625 0.025 0.040625
0 0.5625 0.04296875 0.0171875 0.0265625
0 0.4 0.06171875 0.028125 0.0375
0 0.309375 0.06484375 0.028125 0.0453125
0 0.153859375 0.162515625 0.017093749999999998 0.025937500000000002
0 0.15078125 0.0626875 0.0203125 0.031625
0 0.34140625 0.26328125 0.021875 0.034375
0 0.33828125 0.4546875 0.0203125 0.0296875
0 0.26796875 0.46328125 0.0203125 0.0203125
0 0.03203125 0.625 0.046875 0.046875
0 0.17970312500000002 0.15975 0.01590625 0.02434375
0 0.0034375000000000005 0.347296875 0.006859374999999999 0.031
0 0.68203125 0.712515625 0.012046875 0.018562500000000003
0 0.8807499999999999 0.6777656249999999 0.012921875 0.030078125
0 0.8886406250000001 0.60471875 0.010546875 0.0208125
0 0.519140625 0.60584375 0.013984374999999999 0.019125
0 0.56540625 0.6164375 0.012718750000000001 0.021921875
0 0.43334374999999997 0.23609375 0.01625 0.036484375