0 0.1700522193211488 0.05547385620915033 0.13934725848563967 0.06776143790849673
0 0.624177545691906 0.9325653594771243 0.15778067885117494 0.13486928104575163
0 0.8180678851174935 0.3418627450980392 0.3638381201044386 0.1567483660130719
0 0.5863707571801567 0.3498202614379085 0.2637597911227154 0.17142156862745098
0 0.30738903394255873 0.09777777777777778 0.11563968668407311 0.07111111111111111
0 0.6381201044386423 0.131421568627451 0.4889817232375979 0.262843137254902
0 0.9372323759791122 0.09967320261437909 0.12550913838120104 0.19934640522875818
0 0.9181201044386422 0.23426470588235296 0.1562402088772846 0.07491830065359477
0 0.394621409921671 0.29776143790849674 0.11159268929503917 0.08
0 0.6918798955613578 0.5390196078431373 0.07305483028720627 0.2704575163398693
0 0.5833159268929504 0.5771078431372549 0.058851174934725844 0.2882352941176471
0 0.5762140992167102 0.7955065359477125 0.03652741514360314 0.13586601307189544
0 0.669556135770235 0.7745588235294117 0.03652741514360314 0.17776143790849674
0 0.29318537859007837 0.020310457516339867 0.16028720626631854 0.04063725490196079
0 0.3926109660574413 0.10031045751633987 0.07913838120104438 0.05841503267973856
0 0.40579634464751957 0.4863235294117647 0.06086161879895561 0.06348039215686274
0 0.5173890339425588 0.46854575163398693 0.05274151436031332 0.06094771241830065
0 0.39869451697127933 0.39109477124183006 0.058851174934725844 0.05586601307189542
0 0.35000000000000003 0.1853921568627451 0.07913838120104438 0.07111111111111111