0 0.15333333333333332 0.80925 0.01882051282051282 0.10939285714285714
0 0.18061538461538462 0.6077857142857143 0.19664102564102565 0.21925
0 0.30741025641025643 0.6418928571428572 0.08223076923076923 0.09907142857142856
0 0.15374358974358976 0.46985714285714286 0.05717948717948718 0.060178571428571435
0 0.20076923076923076 0.4720714285714286 0.019435897435897437 0.03907142857142857
0 0.21235897435897433 0.42942857142857144 0.022538461538461535 0.048
0 0.17692307692307693 0.41982142857142857 0.03205128205128205 0.047857142857142855
0 0.40653846153846157 0.5601428571428572 0.06461538461538462 0.07653571428571429
0 0.3854871794871795 0.4308214285714286 0.04607692307692307 0.08385714285714285
0 0.331025641025641 0.53975 0.042435897435897436 0.04332142857142857
0 0.38443589743589746 0.31771428571428567 0.013692307692307691 0.04603571428571429
0 0.41023076923076923 0.3033571428571428 0.023769230769230768 0.04189285714285714
0 0.3268717948717949 0.4736785714285714 0.057666666666666665 0.07857142857142857
0 0.26582051282051283 0.3060357142857143 0.015564102564102565 0.04857142857142857
0 0.21484615384615385 0.29610714285714285 0.01764102564102564 0.04525
0 0.18920512820512822 0.27821428571428575 0.02135897435897436 0.044642857142857144
0 0.2834358974358975 0.3335714285714286 0.02194871794871795 0.041499999999999995
0 0.30333333333333334 0.3974285714285714 0.04751282051282051 0.07603571428571428
0 0.25251282051282053 0.4127142857142857 0.04692307692307692 0.1315
0 0.32371794871794873 0.6172500000000001 0.02176923076923077 0.020964285714285713
0 0.3196923076923077 0.5886785714285715 0.02074358974358974 0.027892857142857143
0 0.3473333333333333 0.57375 0.02846153846153846 0.031214285714285715
0 0.3231025641025641 0.7171785714285714 0.08405128205128205 0.048928571428571425
0 0.21341025641025643 0.7454285714285714 0.17384615384615384 0.045392857142857145
0 0.4340512820512821 0.45517857142857143 0.019102564102564102 0.030035714285714287
0 0.382051282051282 0.6961785714285714 0.016128205128205127 0.021392857142857144
0 0.40707692307692306 0.682 0.035 0.02617857142857143