0 0.426078125 0.8753194444444444 0.022015625 0.02013888888888889
0 0.46608593750000005 0.853361111111111 0.028000000000000004 0.025236111111111112
0 0.5245390624999999 0.8357638888888889 0.027726562500000003 0.027097222222222224
0 0.6687109375 0.8975416666666667 0.021351562499999997 0.025680555555555554
0 0.6635234375 0.8575416666666666 0.041859375 0.03823611111111111
0 0.5386015625 0.9010277777777778 0.0246015625 0.03723611111111111
0 0.5966953125 0.8674166666666666 0.0708984375 0.07116666666666667
0 0.570109375 0.8019861111111111 0.0199140625 0.024333333333333332
0 0.6191093750000001 0.7836805555555556 0.0498359375 0.03852777777777778
0 0.711765625 0.8371527777777777 0.032390625 0.039125
0 0.6637265625000001 0.7459861111111111 0.053492187499999996 0.03270833333333333
0 0.7092421875 0.7055555555555556 0.0353671875 0.035819444444444445
0 0.7315546875 0.7709722222222223 0.061554687500000003 0.06416666666666668
0 0.7432734375 0.8163333333333334 0.01728125 0.025249999999999998
0 0.7645 0.7423055555555556 0.07583593749999999 0.03725
0 0.7264765625 0.6884027777777777 0.027960937499999998 0.03311111111111111
0 0.7580546874999999 0.6697361111111111 0.0222421875 0.03219444444444444
0 0.8180859375 0.7634166666666666 0.0188203125 0.027888888888888887
0 0.38244531249999997 0.22461111111111112 0.0553359375 0.09097222222222222
0 0.55775 0.8671805555555555 0.02584375 0.021083333333333332
0 0.5972890625 0.800236111111111 0.018226562499999998 0.02861111111111111
0 0.6518671875 0.8078888888888888 0.01821875 0.025291666666666667
0 0.6966484375 0.7960694444444444 0.024390625 0.029305555555555557
0 0.786828125 0.6862222222222222 0.023234374999999998 0.02809722222222222
0 0.69159375 0.7273611111111111 0.04509375 0.03011111111111111