0 0.08849557522123894 0.15892857142857142 0.017699115044247787 0.017857142857142856
0 0.8285545722713864 0.14464285714285716 0.07964601769911504 0.09642857142857143
0 0.6607669616519174 0.24821428571428572 0.10619469026548672 0.10714285714285714
0 0.3303834808259587 0.7142857142857143 0.035398230088495575 0.04285714285714286
0 0.360117994100295 0.6520714285714286 0.023156342182890855 0.031607142857142854
0 0.3702064896755162 0.6160714285714286 0.02654867256637168 0.03214285714285714
0 0.38976401179941 0.5717142857142857 0.0243952802359882 0.028035714285714285
0 0.3303834808259587 0.6125 0.017699115044247787 0.025
0 0.3274336283185841 0.5821428571428572 0.017699115044247787 0.02142857142857143
0 0.275811209439528 0.6553571428571429 0.014749262536873156 0.017857142857142856
0 0.23790560471976402 0.6890714285714286 0.07283185840707965 0.06475
0 0.1873156342182891 0.6875 0.014749262536873156 0.017857142857142856
0 0.13398230088495575 0.5786071428571429 0.029498525073746312 0.03571428571428571
0 0.084070796460177 0.6571428571428571 0.02064896755162242 0.02857142857142857
0 0.22418879056047197 0.6089285714285714 0.017699115044247787 0.025
0 0.3512684365781711 0.5280714285714286 0.05265486725663717 0.04485714285714286
0 0.7463126843657817 0.30357142857142855 0.035398230088495575 0.02857142857142857
0 0.34176991150442476 0.3213214285714286 0.038348082595870206 0.05171428571428571
0 0.30678466076696165 0.44285714285714284 0.02359882005899705 0.02857142857142857
0 0.28466076696165193 0.5196428571428572 0.014749262536873156 0.017857142857142856
0 0.29646017699115046 0.3625 0.014749262536873156 0.017857142857142856
0 0.27728613569321536 0.35714285714285715 0.011799410029498525 0.014285714285714285
0 0.2374631268436578 0.33035714285714285 0.02064896755162242 0.017857142857142856
0 0.168141592920354 0.34285714285714286 0.017699115044247787 0.02142857142857143
0 0.13569321533923304 0.3196428571428571 0.017699115044247787 0.017857142857142856
0 0.16386430678466077 0.1674642857142857 0.041474926253687316 0.047607142857142855
0 0.15634218289085547 0.13035714285714287 0.017699115044247787 0.017857142857142856
0 0.11799410029498525 0.175 0.017699115044247787 0.02142857142857143
0 0.28761061946902655 0.16071428571428573 0.032448377581120944 0.03571428571428571
0 0.3421828908554572 0.24107142857142858 0.02359882005899705 0.025
0 0.36430678466076694 0.26071428571428573 0.014749262536873156 0.014285714285714285
0 0.415929203539823 0.26964285714285713 0.035398230088495575 0.03214285714285714
0 0.40707964601769914 0.30714285714285716 0.011799410029498525 0.05
0 0.3893805309734513 0.2642857142857143 0.011799410029498525 0.010714285714285714
0 0.40412979351032446 0.23392857142857143 0.017699115044247787 0.017857142857142856
0 0.2994100294985251 0.2357142857142857 0.02064896755162242 0.02142857142857143
0 0.2182890855457227 0.19303571428571428 0.02846607669616519 0.03139285714285714
0 0.10129793510324485 0.7073214285714287 0.06510324483775812 0.07671428571428572
0 0.14893805309734515 0.6688571428571428 0.06129793510324484 0.09317857142857143
0 0.5132153392330383 0.6652857142857143 0.09144542772861357 0.18153571428571427
0 0.589882005899705 0.6986428571428571 0.0643362831858407 0.08603571428571428
0 0.7429203539823008 0.6218214285714286 0.08471976401179941 0.10189285714285715
0 0.8064896755162241 0.6343571428571428 0.03884955752212389 0.025285714285714286
0 0.7520353982300885 0.5007857142857143 0.09106194690265487 0.13957142857142857
0 0.6473156342182891 0.34189285714285716 0.05831858407079646 0.06060714285714285
0 0.7189675516224189 0.38071428571428567 0.08383480825958703 0.10410714285714286
0 0.43150442477876105 0.38542857142857145 0.10398230088495575 0.12807142857142856
0 0.4015044247787611 0.4855 0.03398230088495575 0.07632142857142858
0 0.5056637168141592 0.4052857142857143 0.0503244837758112 0.07328571428571429
0 0.4690265486725664 0.29710714285714285 0.051061946902654864 0.08217857142857143
0 0.5423598820058998 0.3256428571428572 0.10070796460176991 0.09321428571428572
0 0.6072566371681416 0.34675 0.028436578171091447 0.03735714285714286
0 0.5821828908554573 0.4055 0.11233038348082595 0.08342857142857142
0 0.6738938053097345 0.4770357142857143 0.08233038348082596 0.11146428571428572
0 0.5844837758112094 0.4991428571428571 0.10109144542772862 0.11571428571428571
0 0.471976401179941 0.5283571428571429 0.11610619469026548 0.18135714285714286