0 0.37103125000000003 0.178984375 0.046765625 0.06115625
0 0.593078125 0.864484375 0.040328125 0.0535625
0 0.3606875 0.67334375 0.23153125000000002 0.32446875
0 0.46849999999999997 0.7812812499999999 0.0373125 0.049046875000000004
0 0.326765625 0.38121875 0.202859375 0.26278125
0 0.25256249999999997 0.52996875 0.053093749999999995 0.057859375000000005
0 0.312125 0.23621875 0.06331250000000001 0.029953125000000004
0 0.4135625 0.20354687500000002 0.023828125 0.017703125
0 0.598734375 0.612265625 0.21065625 0.198484375
0 0.44692187499999997 0.2586875 0.018375 0.0435625
0 0.443171875 0.226015625 0.013609375000000002 0.0190625
0 0.4333125 0.207296875 0.018375 0.018375
0 0.664078125 0.729140625 0.035953125 0.050875000000000004
0 0.644640625 0.773421875 0.03275 0.04765625
0 0.701953125 0.727375 0.036843749999999995 0.0280625
0 0.692734375 0.71290625 0.026609375 0.018421874999999997
0 0.7266874999999999 0.7125468749999999 0.021875 0.022796875
0 0.745625 0.6866875 0.034875 0.03540625
0 0.77184375 0.6349375 0.03 0.024875
0 0.70940625 0.639796875 0.028921875000000003 0.04325
0 0.72871875 0.657640625 0.013515625 0.018921874999999998
0 0.778859375 0.561546875 0.026218750000000002 0.092171875
0 0.78728125 0.43823437500000006 0.044187500000000005 0.044703124999999996
0 0.45125000000000004 0.29059375 0.022046875 0.017328125
0 0.626484375 0.29296875 0.07009375 0.070875
0 0.689828125 0.325125 0.027546875 0.05378125
0 0.733109375 0.4466875 0.05553125 0.04940625
0 0.72196875 0.498953125 0.038484375 0.06471875
0 0.7025 0.566296875 0.019671875 0.034984375
0 0.71628125 0.542890625 0.020984375 0.017046875
0 0.528375 0.285390625 0.12490625 0.083890625
0 0.644171875 0.3765625 0.08296875000000001 0.093
0 0.754953125 0.51925 0.0200625 0.019140625