0 0.1646875 0.10715625 0.045625 0.21428124999999998
0 0.17410416666666664 0.34078125 0.05654166666666667 0.23809375
0 0.14881250000000001 0.593 0.05754166666666667 0.2515
0 0.110125 0.85490625 0.0714375 0.266375
0 0.23710416666666667 0.22396875 0.03770833333333334 0.15328124999999998
0 0.20585416666666667 0.70609375 0.05654166666666667 0.2276875
0 0.31845833333333334 0.3058125 0.172625 0.61159375
0 0.26735416666666667 0.78125 0.08233333333333334 0.3214375
0 0.22768750000000001 0.548375 0.042666666666666665 0.11159375
0 0.12352083333333333 0.357875 0.03075 0.2098125
0 0.09722916666666667 0.5989687499999999 0.043645833333333335 0.26340625
0 0.06002083333333333 0.82515625 0.01885416666666667 0.064
0 0.03620833333333333 0.9434374999999999 0.044645833333333336 0.11309374999999999
0 0.42410416666666667 0.0848125 0.0545625 0.16965625
0 0.49652083333333336 0.1644375 0.11408333333333333 0.328875
0 0.44295833333333334 0.40475000000000005 0.07439583333333334 0.47321875
0 0.4464375 0.8259062500000001 0.06745833333333334 0.34821875
0 0.3745 0.80803125 0.050604166666666665 0.3839375
0 0.5114166666666666 0.54465625 0.05654166666666667 0.4613125
0 0.5054583333333333 0.88765625 0.0625 0.2246875
0 0.6175625 0.12575 0.14385416666666667 0.2515
0 0.5684583333333334 0.6235 0.0635 0.75296875
0 0.6269791666666666 0.91740625 0.035708333333333335 0.1651875
0 0.610125 0.392125 0.0535625 0.28421875
0 0.6597291666666667 0.39284375 0.045625 0.29465625
0 0.6537708333333333 0.6339375 0.0853125 0.19940625
0 0.6661666666666667 0.87425 0.05654166666666667 0.2515
0 0.7013958333333333 0.32365625 0.05754166666666667 0.4925625
0 0.7450416666666667 0.22025 0.06547916666666667 0.44046874999999996
0 0.7762916666666667 0.6339375 0.09227083333333333 0.38690625
0 0.8080416666666667 0.141375 0.06645833333333333 0.28275
0 0.8645833333333334 0.53275 0.07639583333333334 0.45834374999999994
0 0.8764791666666666 0.2410625 0.078375 0.48215624999999995
0 0.9573333333333333 0.5371875 0.0853125 0.65178125
0 0.9122083333333334 0.9129375 0.042666666666666665 0.17409375
0 0.32985416666666667 0.9055 0.024791666666666667 0.189
0 0.26735416666666667 0.9702500000000001 0.044645833333333336 0.05953125