0 0.8221718750000001 0.83359375 0.089890625 0.063609375
0 0.744953125 0.718453125 0.087234375 0.06546874999999999
0 0.6064375 0.785265625 0.300734375 0.128046875
0 0.5885625 0.717 0.133625 0.058046875
0 0.5949687499999999 0.6561874999999999 0.055109375 0.043640625
0 0.6753125 0.637 0.072953125 0.04990625
0 0.52890625 0.510921875 0.06584375 0.0700625
0 0.5405 0.608671875 0.05334375 0.042328125
0 0.5978749999999999 0.602421875 0.05645312500000001 0.0476875
0 0.46349999999999997 0.5311250000000001 0.089953125 0.0696875
0 0.360015625 0.5189375 0.065296875 0.042625
0 0.4680625 0.68590625 0.06153125 0.049484375000000004
0 0.6193906250000001 0.750234375 0.061234374999999994 0.038734375
0 0.3735625 0.691671875 0.05753125 0.042249999999999996
0 0.23896875 0.494265625 0.067203125 0.046921875
0 0.15948437499999998 0.489453125 0.061046875 0.03728125
0 0.063734375 0.48965625 0.12746875 0.0605
0 0.029562500000000002 0.533984375 0.059125000000000004 0.030484375
0 0.164578125 0.5251406249999999 0.12068749999999999 0.0445
0 0.18653124999999998 0.578484375 0.20846874999999998 0.07803125
0 0.22737500000000002 0.618703125 0.12434375 0.047546875
0 0.374265625 0.620234375 0.20968749999999997 0.115203125
0 0.54678125 0.26715625 0.119921875 0.140109375
0 0.53015625 0.363328125 0.105671875 0.094984375
0 0.43042187500000006 0.24459375 0.12467187500000002 0.090234375
0 0.29446875 0.30575 0.16148437499999999 0.081921875
0 0.40132812500000004 0.168015625 0.199484375 0.0510625
0 0.738546875 0.12467187500000002 0.099734375 0.151984375
0 0.62575 0.162671875 0.163859375 0.083109375
0 0.6696718749999999 0.2380625 0.121109375 0.086671875
0 0.665515625 0.026125 0.21728125 0.05225
0 0.49573437499999995 0.092015625 0.11517187499999999 0.11279687499999999