0 0.2984375 0.35546875 0.153125 0.1046875
0 0.24453125 0.278125 0.0890625 0.065625
0 0.18125 0.34453125 0.075 0.0828125
0 0.075 0.43828125 0.115625 0.0609375
0 0.166140625 0.412546875 0.0806875 0.040781250000000005
0 0.28500000000000003 0.43770312499999997 0.09109375 0.04771875
0 0.06984375000000001 0.33967187499999996 0.07721875 0.040781250000000005
0 0.09978125 0.548328125 0.0798125 0.045109375
0 0.203453125 0.587796875 0.087625 0.049453125
0 0.570453125 0.514484375 0.078953125 0.09717187499999999
0 0.7040625 0.4845625 0.134484375 0.07028124999999999