0 0.261234375 0.24293749999999997 0.13909375 0.070609375
0 0.44971875 0.239453125 0.09846875000000001 0.12164062499999999
0 0.555703125 0.287890625 0.1274375 0.077265625
0 0.428234375 0.44120312500000003 0.3223125 0.185859375
0 0.450875 0.33484375 0.135578125 0.074609375
0 0.679359375 0.362078125 0.105390625 0.14068750000000002
0 0.5706249999999999 0.43470312499999997 0.114109375 0.085859375
0 0.237875 0.38265625000000003 0.118484375 0.080359375
0 0.42071875 0.766796875 0.6520312500000001 0.458328125
0 0.222953125 0.6055937499999999 0.10892187499999999 0.07964062499999999
0 0.227875 0.496578125 0.205765625 0.151609375
0 0.658921875 0.508796875 0.1181875 0.11395312500000002
0 0.74446875 0.7753125 0.105765625 0.107765625
0 0.17676562499999998 0.696421875 0.1391875 0.104171875
0 0.80053125 0.6338125 0.056499999999999995 0.070125
0 0.761796875 0.519640625 0.0806875 0.16253125
0 0.333078125 0.30053125 0.1304375 0.05596875
0 0.5746249999999999 0.201375 0.139328125 0.09475
0 0.591703125 0.34125 0.038125 0.027859375