0 0.237109375 0.761125 0.06759375 0.042499999999999996
0 0.024406249999999997 0.5939687499999999 0.048812499999999995 0.091453125
0 0.054000000000000006 0.56925 0.056109374999999996 0.07765625000000001
0 0.12065624999999999 0.64121875 0.091390625 0.086125
0 0.0394375 0.273078125 0.046078125 0.05040625
0 0.081375 0.36940625 0.042421875 0.070140625
0 0.542578125 0.28731249999999997 0.074265625 0.077078125
0 0.498734375 0.1960625 0.09709375 0.11203125
0 0.4724375 0.077921875 0.024890625 0.02728125
0 0.4779375 0.043234375000000005 0.04303125 0.03990625
0 0.185921875 0.25959374999999996 0.05971875 0.10007812499999999
0 0.12081249999999999 0.238640625 0.031093749999999996 0.0528125
0 0.1189375 0.3063125 0.03325 0.05853125
0 0.150265625 0.28523437500000004 0.0240625 0.0390625
0 0.029593750000000002 0.36571875 0.024765625 0.10509375000000001
0 0.07129687500000001 0.305796875 0.064375 0.085515625
0 0.112265625 0.36398437499999997 0.019875 0.048578125
0 0.260921875 0.646671875 0.059453124999999996 0.052453125
0 0.182875 0.552171875 0.076828125 0.09553125
0 0.647421875 0.5216093749999999 0.05375 0.0523125
0 0.6387343750000001 0.44995312500000006 0.024359375 0.04440625
0 0.65 0.483140625 0.0143125 0.021671875
0 0.5101718749999999 0.086234375 0.024328125 0.040296874999999996
0 0.47717187499999997 0.125359375 0.02175 0.025968750000000002
0 0.5886250000000001 0.317234375 0.020140625000000002 0.060046875