0 0.428015625 0.5172343749999999 0.5667500000000001 0.310765625
0 0.256296875 0.391140625 0.051468749999999994 0.048421874999999996
0 0.15534375 0.44475 0.071890625 0.0273125
0 0.179296875 0.40843749999999995 0.062484375 0.021156249999999998
0 0.1956875 0.378765625 0.042546875 0.032859375
0 0.05475 0.44749999999999995 0.0219375 0.014484374999999999
0 0.09690625 0.57375 0.051265625 0.033187499999999995
0 0.30225 0.699875 0.040234375 0.035625000000000004
0 0.50575 0.671921875 0.062203125000000005 0.043890625
0 0.4885625 0.723703125 0.041578125 0.037453125
0 0.5822812500000001 0.38289062500000004 0.0319375 0.0319375
0 0.691359375 0.520359375 0.06675 0.041015625
0 0.658703125 0.490109375 0.058734375000000005 0.03553125
0 0.353828125 0.34234375 0.04603125 0.028453125000000003
0 0.9374375 0.321171875 0.04215625 0.042765625
0 0.9858437500000001 0.6272031250000001 0.0283125 0.015328125000000001