0 0.014203125 0.164765625 0.02840625 0.0369375
0 0.042609375 0.199578125 0.03409375 0.01846875
0 0.071015625 0.160515625 0.039765625 0.05682812499999999
0 0.323140625 0.9744375 0.0213125 0.034078125
0 0.352984375 0.98153125 0.0213125 0.03409375
0 0.42684375 0.984375 0.026984374999999998 0.03125
0 0.710765625 0.981796875 0.03409375 0.03640625
0 0.788796875 0.986375 0.02765625 0.025078125
0 0.76278125 0.879265625 0.03125 0.042609375
0 0.808234375 0.831671875 0.0369375 0.08096875
0 0.840203125 0.8920468749999999 0.0213125 0.02840625
0 0.85725 0.843046875 0.029828125 0.06392187499999999
0 0.89275 0.839484375 0.015625 0.039765625
0 0.9282656250000001 0.8494375 0.026984374999999998 0.071015625
0 0.972296875 0.8135468749999999 0.019796875 0.0296875
0 0.8970156250000001 0.7713125 0.024140625 0.0625
0 0.96590625 0.757109375 0.042609375 0.02840625
0 0.821015625 0.757109375 0.039765625 0.039765625
0 0.84065625 0.7011406250000001 0.049875 0.12467187500000002
0 0.8892031250000001 0.706671875 0.0369375 0.0525625
0 0.925421875 0.720875 0.01846875 0.035515625
0 0.98721875 0.6171875 0.0255625 0.04403125
0 0.906953125 0.62784375 0.058234375000000005 0.07670312500000001
0 0.12073437499999999 0.79190625 0.02840625 0.06392187499999999
0 0.009234375 0.74715625 0.01846875 0.051140624999999995
0 0.0369375 0.688921875 0.03125 0.0369375
0 0.060375 0.644171875 0.06392187499999999 0.032671875
0 0.32315625 0.531953125 0.04403125 0.066765625
0 0.3570625 0.494546875 0.0246875 0.029984375
0 0.48082812500000005 0.548296875 0.04403125 0.10228124999999999
0 0.48721875 0.47726562499999997 0.045453125 0.0255625
0 0.46804687500000003 0.43962500000000004 0.026984374999999998 0.024140625
0 0.35028125 0.692828125 0.22796875 0.22678125
0 0.40270312500000005 0.555390625 0.0411875 0.048296875
0 0.8281875 0.23271875 0.22915625 0.34671875
0 0.87996875 0.0681875 0.01846875 0.0255625
0 0.882609375 0.14909375 0.048296875 0.0525625
0 0.9076718749999999 0.100859375 0.019890625000000002 0.017046875
0 0.9453125 0.07528125 0.029828125 0.02271875
0 0.953125 0.03621875 0.03125 0.029828125
0 0.972328125 0.19824999999999998 0.052640624999999996 0.079296875
0 0.96590625 0.151984375 0.045453125 0.051140624999999995
0 0.9751406250000001 0.109375 0.0099375 0.019890625000000002
0 0.43253125 0.42037500000000005 0.0411875 0.024140625
0 0.5 0.3969375 0.045453125 0.0325
0 0.162671875 0.502859375 0.24696875000000001 0.30515625
0 0.28195312499999997 0.428265625 0.032671875 0.04403125
0 0.331671875 0.41832812500000005 0.0411875 0.026984374999999998
0 0.507515625 0.32618749999999996 0.019890625000000002 0.03025
0 0.553265625 0.272015625 0.035515625 0.038359375
0 0.546875 0.41618750000000004 0.0255625 0.051140624999999995
0 0.587359375 0.39275000000000004 0.038359375 0.0411875
0 0.668484375 0.42923437499999995 0.094984375 0.188796875
0 0.6349375 0.350140625 0.019890625000000002 0.08096875
0 0.555390625 0.353703125 0.02840625 0.0255625
0 0.6115 0.44104687499999995 0.0411875 0.035515625
0 0.65340625 0.902703125 0.045453125 0.04403125
0 0.696734375 0.88778125 0.0213125 0.05965625
0 0.453125 0.90340625 0.022734375 0.07954687499999999
0 0.28835937500000003 0.899140625 0.0369375 0.082390625
0 0.203125 0.8373593749999999 0.036921875 0.06392187499999999
0 0.114359375 0.698328125 0.09234375 0.09021875
0 0.20660937499999998 0.755765625 0.08785937499999999 0.10092187500000001
0 0.18056250000000001 0.708796875 0.039078125000000005 0.048296875
0 0.014203125 0.1193125 0.022734375 0.039765625
0 0.05753125 0.0724375 0.046875 0.02840625
0 0.62990625 0.152578125 0.172171875 0.167421875
0 0.649140625 0.04190625 0.0369375 0.035515625
0 0.988234375 0.21309375 0.02353125 0.028484375
0 0.83828125 0.48207812499999997 0.30871875000000004 0.16148437499999999
0 0.970875 0.375 0.058234375000000005 0.045453125
0 0.959734375 0.706375 0.042609375 0.045453125
0 0.658984375 0.784859375 0.142484375 0.135359375
0 0.6349375 0.8451718749999999 0.03125 0.0369375
0 0.29900000000000004 0.8025625 0.04971875 0.0625
0 0.390046875 0.8501562500000001 0.098546875 0.085484375
0 0.34304687500000003 0.8068125 0.0213125 0.042609375
0 0.01846875 0.563203125 0.03125 0.055390625000000006
0 0.006390625 0.459890625 0.01278125 0.0568125
0 0.056109374999999996 0.44176562500000005 0.0411875 0.042609375
0 0.03125 0.38778125 0.0568125 0.06534375
0 0.02415625 0.2535625 0.045453125 0.035515625
0 0.1423125 0.071390625 0.03925 0.049015625
0 0.20720312500000002 0.01775 0.028734375 0.03515625
0 0.732953125 0.780546875 0.02840625 0.046875
0 0.772015625 0.754265625 0.032671875 0.071015625
0 0.757109375 0.0681875 0.0568125 0.0369375
0 0.816046875 0.08309375 0.035515625 0.032671875
0 0.686078125 0.28337500000000004 0.048296875 0.04971875
0 0.363640625 0.90340625 0.0568125 0.073859375
0 0.48224999999999996 0.8529843749999999 0.046875 0.055390625000000006
0 0.24431250000000002 0.07954687499999999 0.045453125 0.02840625
0 0.32882812499999997 0.355109375 0.04403125 0.0369375
0 0.5390625 0.52125 0.0665 0.147234375
0 0.5859375 0.516328125 0.01846875 0.046875
0 0.014203125 0.33878125 0.017046875 0.0213125
0 0.034796875 0.31179687500000003 0.032671875 0.0213125
0 0.0681875 0.313921875 0.03125 0.0369375
0 0.011359375 0.033375 0.017046875 0.032671875
0 0.06534375 0.046875 0.03409375 0.014203125
0 0.23153125000000002 0.24578125 0.30159375 0.22321875000000002
0 0.78409375 0.03125 0.017046875 0.0255625
0 0.8579531250000001 0.017046875 0.022734375 0.02840625
0 0.60440625 0.019171874999999998 0.04403125 0.035515625
0 0.467234375 0.179890625 0.162671875 0.19829687499999998
0 0.5355000000000001 0.705890625 0.166234375 0.26240625
0 0.7076718750000001 0.621 0.216109375 0.216109375
0 0.9702031249999999 0.3069375 0.059609375 0.0605625
0 0.196515625 0.105078125 0.0676875 0.0605625
0 0.26478125 0.829828125 0.01546875 0.02559375