0 0.292734375 0.04171875 0.057765625 0.042078125
0 0.21321875 0.08165625 0.055625 0.046359375
0 0.3975625 0.109109375 0.07915625 0.11551562500000001
0 0.43178124999999995 0.16971875 0.042078125 0.045640625000000004
0 0.45103125000000005 0.14154687500000002 0.042078125 0.0278125
0 0.40610937500000005 0.190046875 0.036375000000000005 0.026390625
0 0.4168125 0.23675000000000002 0.024953125 0.0399375
0 0.5301875 0.292375 0.186125 0.19396875
0 0.49989062500000003 0.40610937500000005 0.049921875 0.22890625
0 0.446765625 0.41965624999999995 0.06775 0.04778125
0 0.46281249999999996 0.49703125000000004 0.034234375 0.10410937499999999
0 0.40004687499999997 0.43321875 0.0228125 0.097703125
0 0.579046875 0.533765625 0.105546875 0.294515625
0 0.562640625 0.70775 0.055625 0.044921875
0 0.48454687500000004 0.6439375 0.037796875 0.068453125