0 0.88340625 0.466078125 0.077203125 0.089046875
0 0.8715781249999999 0.53625 0.024234375 0.01859375
0 0.9761093750000001 0.600484375 0.02028125 0.023109374999999998
0 0.937515625 0.595703125 0.017468749999999998 0.024796875
0 0.9115781249999999 0.61825 0.024234375 0.01578125
0 0.8710156250000001 0.60640625 0.01971875 0.01353125
0 0.7224999999999999 0.547234375 0.04509375 0.02028125
0 0.709265625 0.501296875 0.05240625 0.020859375
0 0.8262031249999999 0.49539062500000003 0.034937499999999996 0.022546875
0 0.953296875 0.428875 0.055796875 0.034937499999999996
0 0.961 0.336453125 0.077984375 0.074390625
0 0.961 0.277 0.077984375 0.043390625
0 0.87946875 0.31390625 0.0636875 0.08565625
0 0.8326874999999999 0.3451875 0.077203125 0.040015625
0 0.813515625 0.253328125 0.08284375000000001 0.059171875
0 0.7498437499999999 0.272484375 0.038890625 0.020859375
0 0.773796875 0.32940625 0.0338125 0.05354687500000001
0 0.7244843750000001 0.3606875 0.05240625 0.02028125
0 0.626140625 0.3474375 0.10482812500000001 0.056921875
0 0.8225468749999999 0.29840625 0.05354687500000001 0.032125