0 0.884375 0.59140625 0.060046875 0.1015625
0 0.249671875 0.42689062499999997 0.030796875 0.0316875
0 0.29178125 0.420328125 0.032265625 0.023109374999999998
0 0.32834375 0.39309375 0.021421875 0.024796875
0 0.23828125 0.50078125 0.034375 0.0453125
0 0.7344999999999999 0.535078125 0.165890625 0.22884375
0 0.792109375 0.49154687499999994 0.028578125 0.0620625
0 0.616515625 0.750328125 0.044421875 0.066515625
0 0.934375 0.65234375 0.021875 0.015625
0 0.89765625 0.48203125 0.146875 0.0890625
0 0.512984375 0.414375 0.28904687500000004 0.2185625
0 0.64375 0.349890625 0.035484375 0.037046875
0 0.9421875 0.85078125 0.0078125 0.015625
0 0.43125 0.8046875 0.01875 0.0953125
0 0.56915625 0.74628125 0.039281250000000004 0.035296875
0 0.8504687499999999 0.635921875 0.032015625 0.051359375
0 0.6644375 0.444015625 0.022328124999999997 0.025281249999999998
0 0.5641406250000001 0.79021875 0.046125 0.042812499999999996
0 0.515828125 0.769546875 0.075765625 0.09621874999999999
0 0.45696875 0.796 0.016671875 0.033937499999999995
0 0.3785 0.696078125 0.204984375 0.157203125
0 0.459390625 0.76553125 0.029234375 0.02525
0 0.298734375 0.7145937499999999 0.059328124999999995 0.084125
0 0.20389062500000002 0.598015625 0.012828125000000001 0.01340625
0 0.205125 0.578296875 0.01015625 0.00975
0 0.23776562499999998 0.561375 0.012562499999999999 0.016046875
0 0.24759375 0.595 0.0223125 0.021109375
0 0.32996875000000003 0.546125 0.16607812500000002 0.14356249999999998
0 0.26546875000000003 0.520390625 0.01990625 0.027359375000000002
0 0.662890625 0.39753125 0.03359375 0.042578125
0 0.638 0.42095312500000004 0.029859375 0.044984375
0 0.48810937499999996 0.307734375 0.02753125 0.033625
0 0.454484375 0.573234375 0.072125 0.054640625
0 0.412140625 0.769703125 0.02321875 0.061375
0 0.371734375 0.748828125 0.024781249999999998 0.05065625
0 0.34362499999999996 0.7036718750000001 0.027859375 0.033687499999999995
0 0.553328125 0.717078125 0.028265625 0.0306875
0 0.5702499999999999 0.616765625 0.176921875 0.207328125
0 0.44225000000000003 0.302015625 0.029859375 0.034125
0 0.5882968749999999 0.28721874999999997 0.04559375 0.038906249999999996
0 0.6228125 0.23334375000000002 0.036859375 0.06403125
0 0.336359375 0.450953125 0.064578125 0.04815625