0 0.11192307692307693 0.23375 0.029615384615384616 0.12892857142857142
0 0.0673076923076923 0.49428571428571433 0.013461538461538462 0.039285714285714285
0 0.3646153846153846 0.27017857142857143 0.05826923076923077 0.10060714285714287
0 0.38798076923076924 0.5696071428571429 0.14490384615384613 0.22403571428571428
0 0.5368653846153847 0.6004285714285714 0.15544230769230769 0.189
0 0.3581730769230769 0.7142857142857143 0.12659615384615383 0.13096428571428573
0 0.6121730769230769 0.3467142857142857 0.17628846153846153 0.14582142857142857
0 0.7043269230769231 0.3370714285714286 0.017634615384615384 0.049107142857142856
0 0.4583269230769231 0.39732142857142855 0.13301923076923078 0.09225
0 0.34815384615384615 0.4248571428571428 0.0889423076923077 0.08778571428571429
0 0.2764423076923077 0.46799999999999997 0.11217307692307692 0.20685714285714285
0 0.13421153846153847 0.42707142857142855 0.07130769230769231 0.08035714285714286
0 0.28084615384615386 0.6041785714285713 0.06971153846153846 0.05953571428571429
0 0.1738846153846154 0.6294642857142857 0.08332692307692308 0.026785714285714284
0 0.2932692307692308 0.34896428571428567 0.03205769230769231 0.03421428571428572
0 0.33413461538461536 0.3370714285714286 0.028846153846153848 0.04314285714285714