0 0.12181249999999999 0.5042187499999999 0.021562500000000002 0.09228125000000001
0 0.08028125 0.339984375 0.034671875000000005 0.165671875
0 0.174921875 0.117296875 0.027500000000000004 0.068515625
0 0.27356250000000004 0.4258125 0.12659375 0.67215625
0 0.9220937499999999 0.6505156249999999 0.094078125 0.1569375
0 0.71634375 0.064171875 0.065703125 0.128359375
0 0.769515625 0.2623125 0.029562500000000002 0.074953125
0 0.29134375 0.05753125 0.076 0.064390625
0 0.3335625 0.12825 0.056999999999999995 0.072828125
0 0.40481249999999996 0.23117187499999997 0.09817187499999999 0.13721875
0 0.46128125000000003 0.39003125 0.10132812499999999 0.1805
0 0.6138125 0.024281249999999997 0.08549999999999999 0.048562499999999995
0 0.56525 0.073359375 0.10871875 0.14671875
0 0.633875 0.23381249999999998 0.15517187500000001 0.1720625
0 0.643375 0.33884375 0.10028125000000002 0.133
0 0.667125 0.4465 0.14778125 0.141453125
0 0.62828125 0.703078125 0.27331249999999996 0.47787499999999994
0 0.715140625 0.535171875 0.1045 0.11399999999999999
0 0.8599375 0.7960625 0.19325 0.25956250000000003
0 0.898296875 0.738890625 0.06967187500000001 0.05278125
0 0.19896875 0.9560000000000001 0.04328125 0.087984375
0 0.12507812499999998 0.76053125 0.0390625 0.11928125
0 0.11295312500000002 0.84709375 0.04221875 0.125609375
0 0.10028125000000002 0.948421875 0.0464375 0.08971875
0 0.05753125 0.753671875 0.05171875 0.06121875
0 0.054890625000000005 0.834953125 0.05278125 0.059109375
0 0.008968750000000001 0.625953125 0.017937500000000002 0.06543750000000001
0 0.010562499999999999 0.719890625 0.021109375 0.0464375
0 0.0321875 0.712515625 0.015828125000000002 0.044328125
0 0.05175 0.655671875 0.011203125 0.037578125000000004
0 0.024390625 0.565359375 0.018453125 0.048125
0 0.025718750000000002 0.23142187500000003 0.05142187499999999 0.253171875
0 0.0445 0.454921875 0.061312500000000006 0.207015625
0 0.091640625 0.627328125 0.07910937500000001 0.145703125
0 0.132515625 0.584796875 0.022421875 0.06065625
0 0.41206250000000005 0.56765625 0.166140625 0.259765625
0 0.8926875000000001 0.15525 0.017796875 0.05337499999999999
0 0.9125 0.25187499999999996 0.021828125 0.099453125