0 0.7149375 0.28090625 0.194625 0.180828125
0 0.6830468749999999 0.081328125 0.11434375000000001 0.15687500000000001
0 0.67465625 0.438984375 0.26246875 0.13596875
0 0.183765625 0.78575 0.10153125 0.12578125
0 0.641625 0.6104375 0.123890625 0.175328125
0 0.678015625 0.839140625 0.24309375000000003 0.306859375
0 0.7342500000000001 0.6485937500000001 0.14846874999999998 0.166828125
0 0.47734375 0.951109375 0.11896875 0.097765625
0 0.42176562500000003 0.6423593750000001 0.08371875 0.10078125
0 0.503015625 0.6499375 0.1211875 0.160578125
0 0.503015625 0.80525 0.1211875 0.14978125
0 0.337171875 0.8034687500000001 0.106484375 0.128359375