0 0.074578125 0.10049999999999999 0.025921875 0.035265625
0 0.404875 0.48510937500000006 0.809765625 0.733515625
0 0.780921875 0.698203125 0.049578125 0.09046875
0 0.30096875 0.08321875 0.02275 0.0299375
0 0.38878124999999997 0.06965625 0.022359375 0.04190625
0 0.34390624999999997 0.05596875 0.034499999999999996 0.024640625
0 0.27332812500000003 0.038546875 0.010906250000000001 0.016546875
0 0.253265625 0.04875 0.013734374999999998 0.015140625
0 0.368203125 0.117578125 0.012671874999999999 0.021124999999999998
0 0.56553125 0.062015625 0.09571874999999999 0.124046875
0 0.7852812499999999 0.1494375 0.24028125 0.29496875
0 0.629015625 0.05225 0.048843750000000005 0.043953124999999996