0 0.035125 0.5895937499999999 0.041453125 0.045578125000000004
0 0.09140625 0.553125 0.0625 0.0609375
0 0.06796875 0.64140625 0.0890625 0.046875
0 0.258171875 0.45490624999999996 0.021171875 0.028546875
0 0.17265625 0.50703125 0.025 0.0296875
0 0.221875 0.4796875 0.03125 0.040625
0 0.263125 0.553859375 0.0190625 0.025312499999999998
0 0.73359375 0.5765625 0.0140625 0.0125
0 0.75234375 0.5546875 0.0140625 0.0203125
0 0.7669374999999999 0.5944843750000001 0.042609375 0.051328125
0 0.85859375 0.48828125 0.0171875 0.0203125
0 0.8234375 0.46875 0.0140625 0.01875
0 0.5237499999999999 0.82325 0.049828125 0.060515624999999997
0 0.54334375 0.72978125 0.0706875 0.0665625
0 0.26846875 0.806 0.036484375 0.0531875
0 0.340984375 0.76234375 0.01678125 0.025421875
0 0.34765625 0.7984375 0.02084375 0.033234375
0 0.33004687499999996 0.7089531250000001 0.01990625 0.03240625
0 0.29921875 0.80859375 0.0140625 0.0234375
0 0.6278125 0.8290625 0.0265625 0.028125
0 0.652421875 0.702265625 0.0171875 0.0234375
0 0.8571406250000001 0.94375 0.023203124999999998 0.028125
0 0.482453125 0.34375 0.01990625 0.025312499999999998
0 0.530046875 0.348015625 0.02459375 0.027718749999999997
0 0.860953125 0.652828125 0.048234375 0.066515625
0 0.9245468750000001 0.643953125 0.0390625 0.04475
0 0.7732812499999999 0.840828125 0.17376562499999998 0.14021875
0 0.40093750000000006 0.8375625 0.0386875 0.054468749999999996
0 0.389421875 0.37040625 0.076765625 0.11196874999999999
0 0.31442187499999996 0.39645312499999996 0.097296875 0.1306875
0 0.932265625 0.531921875 0.13546875 0.13153125000000002
0 0.621609375 0.5157812500000001 0.178890625 0.13928125
0 0.390390625 0.56775 0.207015625 0.23303124999999997
0 0.18162499999999998 0.63165625 0.090015625 0.121296875
0 0.24906250000000002 0.6565624999999999 0.07781249999999999 0.11951562499999999
0 0.42865624999999996 0.771296875 0.084546875 0.06675
0 0.378234375 0.7909531249999999 0.0163125 0.02003125
0 0.526921875 0.57884375 0.064515625 0.111984375
0 0.6637500000000001 0.60628125 0.120140625 0.055625
0 0.44349999999999995 0.458328125 0.06971875 0.0385625
0 0.49059375000000005 0.754984375 0.022984375 0.0385625
0 0.115328125 0.66153125 0.06303125000000001 0.09048437499999999
0 0.04153125 0.70046875 0.0830625 0.076390625
0 0.510609375 0.658203125 0.037828125000000004 0.03634375
0 0.45684375 0.8217187499999999 0.028187499999999997 0.03559375
0 0.73384375 0.46796875 0.055625 0.12607812499999999
0 0.8502812499999999 0.568453125 0.028921875000000003 0.033375