0 0.21319444444444444 0.560109375 0.4263888888888889 0.2171875
0 0.2611111111111111 0.42890625 0.09166666666666666 0.05
0 0.78125 0.7765625 0.09583333333333334 0.065625
0 0.8520833333333333 0.958203125 0.09861111111111111 0.06171875
0 0.6993055555555555 0.649609375 0.0763888888888889 0.05234375
0 0.3611111111111111 0.701953125 0.09305555555555556 0.053125
0 0.5680555555555555 0.674609375 0.07222222222222222 0.0484375
0 0.49583333333333335 0.59140625 0.08055555555555556 0.0453125
0 0.5923611111111111 0.590625 0.09861111111111111 0.05234375
0 0.6159722222222223 0.53203125 0.11388888888888889 0.05703125
0 0.47152777777777777 0.478515625 0.22083333333333333 0.16015625
0 0.2152777777777778 0.69375 0.08611111111111111 0.05390625
0 0.5277777777777778 0.85703125 0.4736111111111111 0.203125
0 0.5444444444444444 0.75703125 0.2 0.08203125
0 0.030555555555555555 0.42421875 0.05555555555555555 0.0671875
0 0.08125 0.383203125 0.08333333333333333 0.0515625