0 0.346 0.29734375 0.11842187500000001 0.168375
0 0.309703125 0.17275000000000001 0.038609375 0.05715625
0 0.188453125 0.39671875 0.0411875 0.056125
0 0.056374999999999995 0.365828125 0.034499999999999996 0.048921875
0 0.168375 0.626109375 0.04634375 0.06281250000000001
0 0.325921875 0.62146875 0.04428125 0.05973437499999999
0 0.43353125 0.71671875 0.1101875 0.12665625
0 0.722125 0.70771875 0.03553125 0.05509375
0 0.8745312500000001 0.5944375 0.07671875 0.08084375
0 0.481984375 0.380609375 0.091296875 0.090234375
0 0.297984375 0.705359375 0.044515624999999996 0.056359375
0 0.6054375000000001 0.316625 0.06882812499999999 0.12334375
0 0.240671875 0.597734375 0.0525625 0.055890625000000006
0 0.329515625 0.504296875 0.08175 0.089265625
0 0.28114062500000003 0.5138906249999999 0.021687500000000002 0.026703125
0 0.6577968750000001 0.408359375 0.07925 0.08759375
0 0.68115625 0.47301562500000005 0.0241875 0.05171875
0 0.740796875 0.508875 0.04171875 0.08509375
0 0.43379687499999997 0.543078125 0.08175 0.10510937499999999
0 0.506796875 0.5614375 0.077578125 0.08175
0 0.54934375 0.5205625 0.034203125 0.04171875
0 0.57353125 0.609828125 0.060906249999999995 0.053390625000000004
0 0.666546875 0.708265625 0.03003125 0.08509375
0 0.42253125 0.41128125000000004 0.040875 0.03503125
0 0.09384375 0.538078125 0.034203125 0.033375
0 0.22815625 0.43296875 0.029203125000000003 0.04171875
0 0.5856250000000001 0.396265625 0.033375 0.021687500000000002
0 0.7186874999999999 0.322015625 0.07090625 0.061734374999999994
0 0.842984375 0.33203125 0.07257812500000001 0.03503125
0 0.920984375 0.36246875 0.095109375 0.0525625
0 0.523890625 0.229 0.028359375 0.034203125