0 0.10234375 0.43333333333333335 0.17265625 0.16666666666666666
0 0.2203125 0.26666666666666666 0.07578125 0.14722222222222223
0 0.6734375 0.8145833333333333 0.03359375 0.02638888888888889
0 0.686328125 0.7611111111111111 0.0625 0.05416666666666667
0 0.526171875 0.09722222222222222 0.04375 0.06388888888888888
0 0.271875 0.42291666666666666 0.1625 0.14583333333333334
0 0.51171875 0.25763888888888886 0.40078125 0.15416666666666667
0 0.506640625 0.41875 0.30703125 0.16111111111111112
0 0.369921875 0.3284722222222222 0.00234375 0.008333333333333333
0 0.326953125 0.5659722222222222 0.1921875 0.12638888888888888
0 0.600390625 0.6027777777777777 0.3484375 0.18611111111111112
0 0.4625 0.7451388888888889 0.0703125 0.08611111111111111
0 0.5640625 0.7284722222222222 0.08828125 0.09444444444444444
0 0.28671875 0.3159722222222222 0.0515625 0.06666666666666667
0 0.368359375 0.8243055555555555 0.03046875 0.05416666666666667
0 0.394140625 0.7319444444444444 0.02734375 0.06111111111111111
0 0.048828125 0.31180555555555556 0.05078125 0.08611111111111111
0 0.326171875 0.13402777777777777 0.06875 0.09027777777777778
0 0.417578125 0.0875 0.07421875 0.175