0 0.38053846153846155 0.2357142857142857 0.024179487179487178 0.05689285714285714
0 0.3471794871794872 0.3602142857142857 0.0992051282051282 0.060964285714285714
0 0.7197948717948719 0.4034642857142857 0.06917948717948719 0.04410714285714286
0 0.6856410256410256 0.5004285714285714 0.02251282051282051 0.024392857142857143
0 0.6031025641025641 0.6649999999999999 0.04751282051282051 0.09346428571428572
0 0.373025641025641 0.46732142857142855 0.04 0.039464285714285716
0 0.4722307692307692 0.4652857142857143 0.03666666666666667 0.04121428571428571
0 0.43410256410256415 0.4867857142857143 0.040435897435897435 0.0865
0 0.4549230769230769 0.5631071428571428 0.048769230769230766 0.055714285714285716
0 0.43533333333333335 0.5924285714285714 0.0221025641025641 0.031928571428571424
0 0.41679487179487185 0.6156428571428572 0.01917948717948718 0.029607142857142853
0 0.3934615384615384 0.6476071428571429 0.016666666666666666 0.023785714285714285
0 0.367 0.5271428571428571 0.05958974358974359 0.027857142857142858
0 0.4049230769230769 0.5700714285714286 0.05543589743589744 0.04178571428571428
0 0.47597435897435897 0.6139285714285715 0.03 0.036571428571428574
0 0.4467948717948718 0.6356785714285714 0.027512820512820516 0.036
0 0.44743589743589746 0.6772142857142858 0.03376923076923077 0.047035714285714285
0 0.5226666666666667 0.474 0.02666666666666667 0.04353571428571428
0 0.504102564102564 0.5007142857142857 0.024589743589743588 0.026107142857142857
0 0.4040769230769231 0.38607142857142857 0.012923076923076923 0.02089285714285714
0 0.5068205128205128 0.4150714285714286 0.05502564102564103 0.07896428571428571
0 0.5196666666666666 0.6281428571428571 0.06084615384615385 0.12575
0 0.5238461538461539 0.7128928571428572 0.011282051282051283 0.05467857142857143
0 0.5946923076923077 0.51975 0.057102564102564105 0.06171428571428572
0 0.5641794871794872 0.564 0.048256410256410254 0.07064285714285715
0 0.5484102564102564 0.40421428571428575 0.03151282051282051 0.0665
0 0.6013333333333334 0.4254642857142857 0.08220512820512821 0.09667857142857143
0 0.6188205128205129 0.48307142857142854 0.061051282051282046 0.03907142857142857
0 0.6040512820512821 0.5831785714285714 0.015743589743589744 0.033607142857142856