0 0.388421875 0.5795625 0.091125 0.11043750000000001
0 0.5163593750000001 0.6192968750000001 0.048515625 0.09423437500000001
0 0.43782812499999996 0.707265625 0.0614375 0.042296875
0 0.4948125 0.717375 0.033796875 0.036546875
0 0.57265625 0.6421875 0.0375 0.040625
0 0.686421875 0.21821875 0.033796875 0.04328125
0 0.50284375 0.0670625 0.03365625 0.038234375
0 0.634875 0.077171875 0.08025 0.05703125
0 0.89609375 0.06171875 0.021875 0.0296875
0 0.8546875 0.08515625 0.025 0.034375
0 0.5734375 0.85078125 0.0265625 0.0453125
0 0.63578125 0.8538125000000001 0.0265625 0.0265625
0 0.688609375 0.8765000000000001 0.028499999999999998 0.026203125
0 0.19921875 0.34375 0.01875 0.009375
0 0.2453125 0.3671875 0.021875 0.0265625
0 0.34609375 0.39765625 0.0296875 0.0296875
0 0.36365625 0.79940625 0.022375 0.028078125
0 0.35415625 0.646671875 0.01965625 0.025093749999999998
0 0.395 0.6697656249999999 0.027265624999999998 0.028328125
0 0.404234375 0.8935625 0.052796875 0.04975
0 0.649453125 0.77153125 0.021593750000000002 0.02303125
0 0.596390625 0.790625 0.020515625000000003 0.0340625
0 0.75828125 0.29871875000000003 0.0189375 0.02740625
0 0.76278125 0.43479687499999997 0.023671875000000002 0.0390625
0 0.7594218749999999 0.519515625 0.026953125 0.019546875
0 0.804375 0.51759375 0.03096875 0.01996875
0 0.87615625 0.526109375 0.0328125 0.021249999999999998
0 0.8231249999999999 0.5341875 0.025515624999999997 0.013093750000000001
0 0.8441562499999999 0.579203125 0.024656249999999998 0.01578125
0 0.8567500000000001 0.5618125 0.02121875 0.01965625
0 0.8651249999999999 0.600375 0.025078125 0.01234375
0 0.7600156250000001 0.610703125 0.041796875 0.04
0 0.6927187499999999 0.66796875 0.021562500000000002 0.038421875
0 0.727265625 0.63225 0.022578124999999998 0.02325
0 0.6696093750000001 0.6320625 0.017671875 0.021328125
0 0.74275 0.726375 0.017953125 0.02384375
0 0.801296875 0.74590625 0.034828125 0.03284375
0 0.5971875 0.572546875 0.029843750000000002 0.02328125
0 0.6268906249999999 0.55928125 0.029203125000000003 0.04609375
0 0.66171875 0.529578125 0.03053125 0.0420625
0 0.7121875 0.4956875 0.058453124999999995 0.043453124999999995
0 0.6229375 0.5942968750000001 0.02740625 0.014484374999999999
0 0.636328125 0.610890625 0.018828125 0.015296874999999998
0 0.567125 0.599015625 0.0326875 0.024734375
0 0.6815625 0.5915 0.020109375 0.018921874999999998
0 0.57040625 0.683015625 0.016828125 0.020140625000000002
0 0.970703125 0.21760937500000002 0.030578125 0.022578124999999998
0 0.909515625 0.163796875 0.02046875 0.01984375
0 0.7910781250000001 0.29231250000000003 0.02471875 0.017374999999999998
0 0.829265625 0.29590625 0.022218750000000002 0.017765625
0 0.7229062500000001 0.5539531249999999 0.028140625000000002 0.02134375
0 0.827734375 0.397765625 0.014140625 0.018
0 0.270734375 0.21156250000000001 0.014046875 0.014109374999999999
0 0.065234375 0.33203125 0.028468749999999998 0.024640625
0 0.44681249999999995 0.7707499999999999 0.018875 0.022859375
0 0.736625 0.074578125 0.017640625 0.023296875
0 0.737109375 0.145359375 0.028796875 0.050734375
0 0.755953125 0.10525 0.026734374999999998 0.03771875
0 0.7628125 0.1525625 0.030859375 0.0473125
0 0.8001875 0.148796875 0.042515625 0.054859375
0 0.774125 0.219078125 0.054859375 0.052796875
0 0.6448750000000001 0.15359375 0.08982812500000001 0.08090625
0 0.43814062500000006 0.12753125 0.043890625 0.052109375
0 0.382953125 0.18067187499999998 0.065140625 0.055546874999999996
0 0.489234375 0.14090625 0.03496875 0.03771875
0 0.416203125 0.196453125 0.020578125 0.021249999999999998
0 0.43746875 0.16318749999999999 0.0246875 0.0219375
0 0.45665625 0.1978125 0.0219375 0.019890625000000002
0 0.505 0.20125 0.021249999999999998 0.022625
0 0.524203125 0.0939375 0.030859375 0.03565625
0 0.703828125 0.447828125 0.0225625 0.036421875
0 0.6986718749999999 0.40170312499999994 0.01940625 0.029703125000000004
0 0.7200624999999999 0.32984375 0.02415625 0.026140625
0 0.713921875 0.283515625 0.028515625 0.033265625
0 0.691546875 0.284890625 0.023359374999999998 0.047125
0 0.6634375 0.26153125 0.037609375 0.05265625
0 0.571171875 0.21006249999999999 0.058203125 0.11284374999999999
0 0.616515625 0.20371875 0.024546875000000003 0.032859375
0 0.603046875 0.250046875 0.029296875 0.06692187499999999
0 0.37140625 0.29162499999999997 0.045140625000000004 0.037609375
0 0.41635937500000003 0.314 0.027328124999999998 0.02059375
0 0.5036562499999999 0.27103125 0.08156250000000001 0.101765625
0 0.43931250000000005 0.47456250000000005 0.039203125 0.061375
0 0.477140625 0.51534375 0.045140625000000004 0.04790625
0 0.40446875000000004 0.48445312500000004 0.020984375 0.048703125
0 0.3718125 0.47000000000000003 0.029296875 0.025343749999999998
0 0.37378125 0.4993125 0.038015625 0.029296875
0 0.3270625 0.435359375 0.019 0.03365625
0 0.36884375 0.380125 0.039203125 0.016625
0 0.652546875 0.309640625 0.071265625 0.08315625
0 0.5547500000000001 0.315984375 0.112453125 0.084734375
0 0.571765625 0.4226875 0.228078125 0.1476875
0 0.47376562499999997 0.349046875 0.04553125 0.037609375
0 0.43200000000000005 0.393390625 0.060187500000000005 0.07246875
0 0.5596875 0.532765625 0.10889062499999999 0.06929687500000001
0 0.69075 0.427640625 0.02653125 0.029296875
0 0.44070312500000003 0.33201562500000004 0.032468750000000005 0.040781250000000005
0 0.25503125 0.52271875 0.029515625 0.022125
0 0.2850625 0.5358906250000001 0.031609375 0.024234375
0 0.385453125 0.430765625 0.020546875 0.041625
0 0.4415625 0.273484375 0.0231875 0.05796875
0 0.498734375 0.5582812500000001 0.027921875000000002 0.026875