0 0.25743589743589745 0.3628571428571428 0.028717948717948714 0.025714285714285714
0 0.44966666666666666 0.2694285714285714 0.027846153846153843 0.036
0 0.6501282051282051 0.12267857142857143 0.06120512820512821 0.08639285714285715
0 0.584923076923077 0.3392857142857143 0.037384615384615384 0.11307142857142857
0 0.6315128205128205 0.24767857142857141 0.022333333333333337 0.03225
0 0.6033589743589743 0.4831071428571429 0.018564102564102566 0.03507142857142857
0 0.617051282051282 0.4406785714285714 0.03638461538461538 0.03571428571428571
0 0.6145641025641025 0.8438928571428571 0.02482051282051282 0.03571428571428571
0 0.5785128205128205 0.10985714285714286 0.051743589743589745 0.06867857142857144
0 0.008025641025641026 0.14210714285714285 0.016025641025641024 0.046142857142857145
0 0.067 0.12267857142857143 0.02812820512820513 0.04264285714285714
0 0.7626153846153847 0.06392857142857142 0.021512820512820514 0.0265
0 0.5047948717948718 0.23364285714285715 0.022435897435897436 0.02975
0 0.5144102564102564 0.30728571428571433 0.024564102564102564 0.03421428571428572
0 0.555025641025641 0.2849642857142857 0.020307692307692308 0.025285714285714286
0 0.5512820512820513 0.22464285714285714 0.022333333333333337 0.03457142857142857
0 0.7956923076923077 0.12732142857142856 0.01653846153846154 0.014964285714285716
0 0.8672564102564103 0.13017857142857145 0.019025641025641027 0.025357142857142856
0 0.4814615384615385 0.09367857142857143 0.1161025641025641 0.08546428571428571
0 0.1655897435897436 0.06307142857142857 0.07858974358974359 0.12614285714285714
0 0.6244871794871795 0.6033214285714286 0.03784615384615385 0.06328571428571428
0 0.4813846153846154 0.19353571428571428 0.021512820512820514 0.03685714285714286
0 0.4478974358974359 0.023035714285714288 0.023974358974358973 0.03685714285714286
0 0.26815384615384613 0.07439285714285714 0.11751282051282051 0.10117857142857142
0 0.23023076923076924 0.02382142857142857 0.022435897435897436 0.047607142857142855
0 0.2770769230769231 0.0265 0.023153846153846153 0.05067857142857143
0 0.3931538461538462 0.09525 0.08974358974358974 0.1904642857142857
0 0.2532051282051282 0.18007142857142858 0.08333333333333333 0.09821428571428571
0 0.36110256410256414 0.4456785714285714 0.06623076923076923 0.08185714285714286
0 0.6826923076923077 0.4412142857142857 0.05128205128205128 0.08778571428571429
0 0.1987179487179487 0.5491071428571429 0.036333333333333336 0.041678571428571426
0 0.21261538461538462 0.21353571428571427 0.03417948717948718 0.06992857142857142
0 0.5614358974358975 0.018607142857142857 0.08866666666666666 0.037214285714285714
0 0.3424102564102564 0.19567857142857142 0.09082051282051283 0.10267857142857142
0 0.5331282051282051 0.17632142857142857 0.0641025641025641 0.03125
0 0.22435897435897437 0.6063928571428571 0.017102564102564104 0.028285714285714286
0 0.28312820512820513 0.8839285714285714 0.023512820512820512 0.047607142857142855
0 0.11217948717948718 0.9129642857142857 0.02135897435897436 0.03421428571428572
0 0.6394102564102564 0.3817142857142857 0.039538461538461536 0.04017857142857143
0 0.41346153846153844 0.3809642857142857 0.05341025641025641 0.03571428571428571
0 0.5977692307692307 0.19717857142857143 0.022435897435897436 0.06696428571428571
0 0.3066153846153846 0.4575714285714286 0.023512820512820512 0.03125