0 0.9129531249999999 0.48207812499999997 0.05532812499999999 0.07025
0 0.21096875 0.784796875 0.07518749999999999 0.0921875
0 0.26990625 0.700015625 0.046984375 0.060578125000000003
0 0.346453125 0.6005 0.054000000000000006 0.0563125
0 0.4256875 0.5196562499999999 0.055609375 0.073125
0 0.71275 0.45506250000000004 0.14845312500000002 0.24078125
0 0.7394375 0.55534375 0.044734375 0.05795312500000001
0 0.827734375 0.524796875 0.056359375 0.067171875
0 0.06640625 0.738859375 0.1328125 0.021953125
0 0.159015625 0.798078125 0.023328124999999998 0.01596875
0 0.021671875 0.8146875 0.043328125 0.015671875
0 0.1275 0.80309375 0.025140625 0.01221875
0 0.06875 0.8365937499999999 0.047921875 0.01628125
0 0.09473437500000001 0.679734375 0.027500000000000004 0.014890625
0 0.133 0.6696875 0.020078125 0.013296875
0 0.1665625 0.71565625 0.032921875 0.0200625
0 0.330546875 0.520328125 0.058437499999999996 0.025671875
0 0.275875 0.5098906249999999 0.030546875 0.015921875
0 0.12787500000000002 0.535390625 0.062921875 0.014296875
0 0.175328125 0.534453125 0.03315625 0.018125
0 0.197859375 0.549328125 0.042421875 0.012078125
0 0.25840625 0.5655 0.019078125 0.0123125
0 0.181203125 0.62753125 0.0214375 0.01171875
0 0.15540625 0.77325 0.0365 0.010578124999999999
0 0.303578125 0.716359375 0.015609375 0.017765625
0 0.321046875 0.734078125 0.01228125 0.014921875000000001
0 0.024859375 0.40785937499999997 0.049734375 0.09946875
0 0.086515625 0.435140625 0.0715625 0.0429375
0 0.15515625 0.43298437500000003 0.0705625 0.057125
0 0.215390625 0.42353125 0.07746875 0.083921875
0 0.28346875 0.41742187499999994 0.10621875 0.10501562499999999
0 0.378328125 0.424640625 0.0873125 0.10834375
0 0.6711406249999999 0.65953125 0.018687500000000003 0.017687500000000002
0 0.555484375 0.73646875 0.224359375 0.044421875
0 0.415453125 0.726640625 0.03440625 0.013640625
0 0.5717187499999999 0.6487499999999999 0.1593125 0.14671875
0 0.5312812499999999 0.420921875 0.21546875000000001 0.22312500000000002
0 0.571890625 0.55584375 0.16090625 0.041140625
0 0.970140625 0.258640625 0.0290625 0.038046875
0 0.91225 0.32287499999999997 0.044734375 0.03690625
0 0.6485624999999999 0.27734375 0.016718749999999998 0.023609375
0 0.7125 0.222984375 0.01834375 0.024765625
0 0.81815625 0.28104687500000003 0.03909375 0.040890625
0 0.798109375 0.3331875 0.023671875000000002 0.025437500000000002
0 0.8164999999999999 0.32029687500000004 0.014046875 0.0156875
0 0.83303125 0.30184375 0.01553125 0.026937499999999996
0 0.85125 0.284625 0.017374999999999998 0.025828125
0 0.87246875 0.263765625 0.024296875000000002 0.03596875
0 0.7869375 0.5128125 0.014468749999999999 0.0168125
0 0.777546875 0.57821875 0.01546875 0.024171875000000002
0 0.36403125 0.7264062499999999 0.0229375 0.01315625
0 0.79084375 0.46196875000000004 0.02584375 0.013875000000000002
0 0.9142187500000001 0.19284375 0.02475 0.023734375
0 0.93434375 0.17470312500000001 0.016609375000000003 0.021515625
0 0.9050156250000001 0.17685937499999999 0.02709375 0.025093749999999998
0 0.78571875 0.023359374999999998 0.012640624999999999 0.01809375
0 0.9689062500000001 0.11000000000000001 0.016625 0.01853125