0 0.2815625 0.234375 0.3203125 0.46875
0 0.23203125 0.7765625 0.4640625 0.4421875
0 0.61484375 0.8390625 0.1625 0.321875
0 0.815625 0.50859375 0.36875 0.3796875
0 0.62734375 0.1609375 0.2171875 0.31875
0 0.503125 0.18203125 0.01875 0.0234375
0 0.51875 0.1359375 0.0328125 0.0359375
0 0.34609375 0.44921875 0.0125 0.0390625
0 0.3625 0.3859375 0.0171875 0.0390625
0 0.32734375 0.41171875 0.0171875 0.053125
0 0.7125 0.38828125 0.05 0.09375
0 0.5765625 0.446875 0.0078125 0.0203125
0 0.49375 0.4140625 0.0125 0.0203125
0 0.66171875 0.74921875 0.0140625 0.0234375
0 0.66328125 0.79453125 0.03125 0.0484375
0 0.42421875 0.83046875 0.0109375 0.0171875
0 0.440625 0.80546875 0.0140625 0.021875
0 0.4109375 0.81796875 0.015625 0.0359375
0 0.41171875 0.7546875 0.0140625 0.028125
0 0.50625 0.65625 0.0078125 0.0234375
0 0.58515625 0.58828125 0.015625 0.0359375