0 0.2590546875 0.6979166666666666 0.131125 0.09209722222222222
0 0.33113281250000004 0.8156111111111112 0.029312500000000002 0.06066666666666667
0 0.2746484375 0.9593611111111111 0.055125 0.05505555555555556
0 0.3376796875 0.9464166666666666 0.0154296875 0.024472222222222225
0 0.4852265625 0.9128333333333334 0.2716328125 0.17430555555555555
0 0.369734375 0.8014722222222221 0.0153671875 0.025430555555555553
0 0.698453125 0.8999861111111112 0.027828125 0.04211111111111111
0 0.725875 0.8902222222222222 0.0138125 0.018875
0 0.8330859374999999 0.9415138888888889 0.023929687499999998 0.04234722222222222
0 0.9140234375 0.9586805555555555 0.018234375 0.03098611111111111
0 0.9232812499999999 0.9136944444444445 0.020796875 0.027513888888888886
0 0.8691171875 0.8317777777777777 0.025320312499999997 0.041652777777777775
0 0.703703125 0.7775972222222223 0.026484374999999998 0.04083333333333333
0 0.6610859375 0.8619722222222223 0.01771875 0.025319444444444447
0 0.7261953125 0.7536527777777777 0.026265624999999997 0.03990277777777778
0 0.769421875 0.7412777777777778 0.0223671875 0.037375
0 0.807765625 0.7965277777777777 0.0302109375 0.042736111111111114
0 0.7743984375 0.7856527777777778 0.01909375 0.030888888888888886
0 0.8306328125 0.8261805555555556 0.013382812499999999 0.022958333333333334
0 0.545421875 0.40043055555555557 0.0199609375 0.024222222222222225
0 0.5012109375 0.3763888888888889 0.017328125 0.021527777777777778
0 0.670203125 0.6969861111111111 0.02309375 0.02390277777777778
0 0.6648359375 0.8895694444444444 0.0173515625 0.020083333333333335
0 0.7084921875 0.6554861111111111 0.0159765625 0.018125000000000002