0 0.03125 0.45694444444444443 0.03125 0.12777777777777777
0 0.17265625 0.6375 0.028125 0.09444444444444444
0 0.1125 0.41944444444444445 0.025 0.1638888888888889
0 0.046875 0.4152777777777778 0.05625 0.25555555555555554
0 0.23125 0.5944444444444444 0.046875 0.26666666666666666
0 0.12890625 0.6055555555555555 0.1296875 0.38333333333333336
0 0.209375 0.7736111111111111 0.021875 0.04722222222222222
0 0.24765625 0.7930555555555555 0.0296875 0.041666666666666664
0 0.2515625 0.8277777777777777 0.04375 0.044444444444444446
0 0.15390625 0.7722222222222223 0.0296875 0.041666666666666664
0 0.2203125 0.9273055555555555 0.253125 0.1453611111111111
0 0.2359375 0.8777777777777778 0.059375 0.03888888888888889
0 0.42071875 0.9536666666666667 0.1449375 0.0926388888888889
0 0.36953125 0.8907222222222223 0.042171875 0.03702777777777778
0 0.5671875 0.7180555555555556 0.009375 0.03611111111111111
0 0.5354062500000001 0.5819444444444445 0.0125 0.03611111111111111
0 0.58828125 0.2861111111111111 0.0203125 0.13055555555555556
0 0.575 0.2722222222222222 0.01875 0.1361111111111111
0 0.66328125 0.008333333333333333 0.0359375 0.013888888888888888
0 0.49296875 0.018055555555555554 0.0578125 0.03333333333333333
0 0.578125 0.04027777777777778 0.0640625 0.08055555555555556
0 0.15535937500000002 0.8549722222222222 0.050046875000000005 0.060250000000000005
0 0.409765625 0.8818611111111112 0.04065625 0.06949999999999999
0 0.454078125 0.8651666666666666 0.033359375000000004 0.11955555555555555
0 0.513765625 0.9397777777777777 0.053703125 0.12044444444444444
0 0.56434375 0.9508888888888889 0.040140625 0.09822222222222222
0 0.553921875 0.8498888888888888 0.040140625 0.08897222222222223
0 0.59509375 0.9138333333333334 0.0245 0.08527777777777777
0 0.6461875 0.90875 0.025546875000000004 0.08619444444444445
0 0.62325 0.9773055555555555 0.034921875000000005 0.04538888888888889
0 0.620125 0.9073611111111111 0.027625 0.09452777777777778
0 0.59275 0.9791666666666666 0.027109375 0.041666666666666664