0 0.3203125 0.7296875 0.084375 0.0984375
0 0.4171875 0.5953125 0.1359375 0.184375
0 0.4 0.79765625 0.075 0.0984375
0 0.4890625 0.821875 0.071875 0.0859375
0 0.546875 0.80390625 0.0453125 0.0609375
0 0.4890625 0.81875 0.071875 0.0921875
0 0.8125 0.68984375 0.2265625 0.4109375
0 0.75859375 0.4359375 0.0671875 0.0609375
0 0.97421875 0.85546875 0.0328125 0.0421875
0 0.89453125 0.6671875 0.0296875 0.1203125
0 0.4171875 0.0921875 0.109375 0.1109375
0 0.61484375 0.4078125 0.1625 0.140625
0 0.42578125 0.97578125 0.0484375 0.0484375
0 0.043015625 0.515890625 0.048734375 0.067765625
0 0.073484375 0.582328125 0.048734375 0.048359374999999996
0 0.24253125 0.567296875 0.0495 0.053296875
0 0.20217187499999997 0.48409375 0.05559375 0.07195312499999999
0 0.045875 0.455171875 0.05215625 0.041499999999999995
0 0.071390625 0.38853125 0.059015625 0.049109375
0 0.13096875 0.4024375 0.124875 0.08832812500000001
0 0.21301562500000001 0.412328125 0.05825 0.028171875000000002
0 0.22215625 0.35275 0.0620625 0.07728125
0 0.270890625 0.40034375000000005 0.05292187499999999 0.040734375
0 0.295453125 0.44184375 0.01903125 0.050640624999999995
0 0.14925 0.309921875 0.060921875 0.07614062499999999
0 0.226921875 0.293734375 0.03959375 0.026265624999999997
0 0.23985937499999999 0.249953125 0.03578125 0.030078125
0 0.31829687500000003 0.306296875 0.059390624999999996 0.030843749999999996
0 0.287453125 0.33199999999999996 0.034265625 0.024359375
0 0.329140625 0.378640625 0.083375 0.08109374999999999
0 0.439171875 0.32571875 0.05140625 0.059781249999999994
0 0.466390625 0.390625 0.0791875 0.094421875
0 0.38415625000000003 0.30857812500000004 0.044921875 0.059781249999999994
0 0.318109375 0.22957812500000002 0.10012499999999999 0.086046875
0 0.3940625 0.240234375 0.03503125 0.042640625
0 0.48981250000000004 0.266890625 0.059015625 0.03578125
0 0.43137499999999995 0.27356250000000004 0.048734375 0.034640625
0 0.3876875 0.8748906249999999 0.0381875 0.09418750000000001