0 0.23511156186612575 0.4541818181818182 0.04395030425963489 0.08818181818181818
0 0.3195841784989858 0.2705397727272727 0.03478701825557809 0.06071022727272727
0 0.3126369168356998 0.19153409090909093 0.03773833671399594 0.061801136363636364
0 0.39907707910750506 0.1700852272727273 0.03007606490872211 0.18611363636363637
0 0.409421906693712 0.49605113636363635 0.06523326572008113 0.46857386363636366
0 0.4279665314401623 0.25356249999999997 0.032520283975659224 0.045625
0 0.4474442190669371 0.30339204545454546 0.032966531440162275 0.056295454545454544
0 0.56644523326572 0.20495454545454547 0.04230223123732252 0.06438068181818182
0 0.5239858012170385 0.094125 0.04404158215010142 0.18825
0 0.5492089249492901 0.09854545454545455 0.04394016227180528 0.05652272727272727
0 0.5797920892494929 0.051227272727272725 0.03530425963488844 0.07515340909090909
0 0.2793762677484787 0.08538068181818183 0.03860547667342799 0.06525
0 0.1671602434077079 0.46986363636363637 0.03320486815415822 0.07910227272727273
0 0.20884888438133875 0.5376534090909091 0.015491886409736309 0.03669318181818182
0 0.23620689655172414 0.5887784090909091 0.04614097363083164 0.07421022727272727
0 0.337368154158215 0.8076420454545454 0.05831643002028398 0.1937215909090909
0 0.17843813387423935 0.8364545454545455 0.08945233265720082 0.22436931818181818
0 0.571419878296146 0.6308863636363636 0.049852941176470586 0.13955681818181817
0 0.6355933062880325 0.6374431818181818 0.045649087221095334 0.052886363636363634
0 0.6529411764705881 0.5774374999999999 0.04441176470588235 0.06501704545454545
0 0.6601622718052738 0.7298749999999999 0.029969574036511158 0.05436363636363637
0 0.6390973630831642 0.8418409090909091 0.02394523326572008 0.024795454545454544
0 0.668260649087221 0.812375 0.026906693711967546 0.041374999999999995
0 0.5949137931034483 0.9633238636363637 0.018894523326572005 0.07335227272727272
0 0.6292444219066936 0.9619147727272728 0.019827586206896553 0.07616477272727273
0 0.323737322515213 0.5187784090909091 0.04355983772819473 0.07444886363636363
0 0.20846348884381338 0.10996590909090909 0.04063894523326572 0.21959090909090911
0 0.11133874239350913 0.2073693181818182 0.06883874239350912 0.254625
0 0.08186612576064908 0.06282386363636364 0.028691683569979715 0.041710227272727274
0 0.6428752535496958 0.29854545454545456 0.033899594320486816 0.07356818181818181
0 0.649604462474645 0.39 0.0401419878296146 0.11623863636363638
0 0.6922261663286003 0.4817556818181818 0.07965517241379311 0.06513068181818181
0 0.8381947261663286 0.43461931818181815 0.06350405679513185 0.049068181818181816
0 0.847657200811359 0.3735113636363636 0.027074036511156186 0.053596590909090906
0 0.7082454361054767 0.08705681818181818 0.09903651115618661 0.17411363636363636
0 0.7019117647058823 0.2822215909090909 0.08217545638945234 0.20489204545454545
0 0.08143002028397567 0.8471136363636365 0.023002028397565922 0.027244318181818182
0 0.4410395537525355 0.1336193181818182 0.0352079107505071 0.204875
0 0.4977839756592292 0.15850568181818184 0.06143002028397566 0.2654375
0 0.6218610547667343 0.18388068181818182 0.022565922920892496 0.035710227272727275
0 0.2832555780933063 0.1760909090909091 0.019893509127789043 0.04170454545454546
0 0.3460699797160244 0.12478977272727272 0.05405172413793104 0.17372727272727273
0 0.3613843813387424 0.036352272727272726 0.027794117647058823 0.07270454545454545
0 0.3844168356997972 0.10664204545454545 0.016075050709939146 0.09968181818181818
0 0.4018711967545639 0.032880681818181816 0.045314401622718055 0.06576136363636363
0 0.01751521298174442 0.05707386363636364 0.035025354969574034 0.11414204545454544
0 0.03797667342799189 0.2080852272727273 0.07595334685598377 0.17630681818181818
0 0.15173427991886412 0.24608522727272727 0.031232251521298177 0.0954034090909091
0 0.0665973630831643 0.9317670454545455 0.028321501014198783 0.05631818181818182
0 0.5374492900608518 0.8016363636363637 0.05652129817444219 0.07383522727272726
0 0.5642545638945233 0.7535227272727273 0.06199797160243408 0.07198863636363637
0 0.5130476673427992 0.6778238636363636 0.046227180527383366 0.09588636363636363
0 0.25968052738336717 0.804221590909091 0.047352941176470584 0.12484090909090909
0 0.4310851926977688 0.9648693181818182 0.02190669371196755 0.06589204545454545
0 0.21941176470588236 0.9592897727272727 0.029391480730223123 0.03046590909090909
0 0.23615111561866126 0.9125227272727272 0.024366125760649084 0.025926136363636366
0 0.8218407707910751 0.04263636363636364 0.07213995943204868 0.08526704545454546
0 0.8072819472616634 0.22127272727272726 0.06185598377281947 0.2723068181818182
0 0.3705172413793103 0.4027386363636364 0.013899594320486815 0.025511363636363634
0 0.36001014198782966 0.56725 0.030456389452332658 0.21175
0 0.1518103448275862 0.37710227272727276 0.016830628803245436 0.020522727272727272
0 0.4371298174442191 0.8313636363636364 0.029726166328600406 0.1775909090909091
0 0.4809533468559838 0.9023693181818182 0.06080121703853956 0.19525568181818181
0 0.5350101419878296 0.9151477272727273 0.05522312373225152 0.12085227272727272
0 0.9118762677484787 0.6063238636363637 0.04787525354969574 0.09323863636363636
0 0.2825507099391481 0.022630681818181817 0.029183569979716023 0.04525568181818182
0 0.062241379310344826 0.3926022727272727 0.04765212981744422 0.16560795454545457
0 0.039741379310344827 0.6117670454545455 0.02702839756592292 0.05535227272727273
0 0.04864097363083164 0.5618352272727273 0.02045131845841785 0.05546022727272727
0 0.05783975659229209 0.6033409090909092 0.015106490872210953 0.019
0 0.13255070993914805 0.6053465909090909 0.022718052738336714 0.013534090909090909
0 0.12472109533468559 0.5558522727272727 0.027256592292089248 0.014232954545454545
0 0.5226470588235295 0.4812613636363636 0.014665314401622718 0.02597159090909091
0 0.552423935091278 0.45704545454545453 0.018782961460446248 0.018988636363636364
0 0.3397210953346856 0.9503238636363636 0.018620689655172412 0.02078409090909091
0 0.3610040567951318 0.9205227272727272 0.04938640973630832 0.04138636363636364
0 0.10671399594320487 0.8167329545454546 0.043473630831643004 0.03617045454545454
0 0.09856490872210953 0.8618806818181819 0.010304259634888438 0.012204545454545454
0 0.11912778904665314 0.8500340909090909 0.022601419878296145 0.027193181818181818
0 0.45952839756592295 0.723028409090909 0.04080121703853955 0.11939204545454545
0 0.676130831643002 0.6518181818181819 0.04063387423935091 0.08669318181818182
0 0.7366784989858012 0.541159090909091 0.02823529411764706 0.050670454545454546
0 0.3227535496957404 0.5959602272727273 0.017434077079107508 0.04263068181818182
0 0.4513133874239351 0.5499034090909091 0.010147058823529412 0.021113636363636362
0 0.25823529411764706 0.528153409090909 0.010273833671399595 0.020426136363636365
0 0.2655628803245436 0.6079034090909091 0.008128803245436106 0.015590909090909091
0 0.5704868154158215 0.3118295454545455 0.015065922920892495 0.015960227272727272
0 0.5834685598377282 0.2926818181818182 0.01727687626774848 0.021636363636363634
0 0.6311257606490872 0.8023977272727273 0.011348884381338742 0.02153409090909091
0 0.6414807302231237 0.7908011363636364 0.00832657200811359 0.022642045454545456
0 0.6504969574036511 0.7768579545454546 0.011901622718052738 0.01790340909090909
0 0.6576521298174443 0.7639431818181818 0.009934077079107505 0.016375
0 0.5679259634888438 0.9042670454545455 0.011744421906693713 0.02622159090909091
0 0.7145283975659229 0.7755681818181818 0.018083164300202837 0.04078409090909091
0 0.11777890466531439 0.9219204545454545 0.01770283975659229 0.03190340909090909
0 0.06717545638945233 0.8954147727272728 0.01582657200811359 0.017835227272727273
0 0.09939655172413793 0.8997954545454546 0.015400608519269778 0.018392045454545453
0 0.8247363083164301 0.7072784090909091 0.07442697768762678 0.11087499999999999
0 0.8256440162271805 0.8098920454545455 0.03601419878296146 0.04352840909090909
0 0.8469776876267748 0.7867897727272727 0.05489350912778904 0.05060795454545454
0 0.9539097363083163 0.8826534090909091 0.04561359026369168 0.08247727272727272
0 0.9334888438133874 0.9600170454545455 0.02997971602434077 0.030221590909090906
0 0.8856440162271806 0.9415738636363636 0.04077079107505071 0.08760795454545454
0 0.6873580121703854 0.8519659090909091 0.010096348884381339 0.03544886363636364
0 0.22953853955375253 0.7856306818181819 0.012586206896551724 0.093375
0 0.24105476673427992 0.8898238636363636 0.013767748478701824 0.021
0 0.23560851926977688 0.8561022727272727 0.013752535496957404 0.043727272727272726
0 0.29533975659229206 0.8251420454545455 0.024639959432048684 0.04234090909090909
0 0.3820182555780933 0.8226193181818181 0.03101419878296146 0.021698863636363634
0 0.3956186612576065 0.8518636363636364 0.05395030425963489 0.012801136363636363
0 0.39489858012170387 0.8694431818181818 0.05485294117647059 0.0105
0 0.411658215010142 0.8323238636363637 0.025608519269776878 0.018414772727272724
0 0.422920892494929 0.8094715909090909 0.019315415821501015 0.012136363636363636
0 0.4043762677484787 0.8136988636363636 0.014761663286004057 0.012051136363636365
0 0.40704361054766736 0.7638465909090908 0.0492342799188641 0.06085795454545455
0 0.4950050709939148 0.7730625 0.025157200811359026 0.03657386363636364
0 0.5715111561866125 0.5213977272727273 0.04702839756592292 0.012301136363636363
0 0.59908215010142 0.5116420454545455 0.03720588235294118 0.016636363636363637
0 0.6308569979716024 0.49088068181818184 0.022702839756592295 0.02202272727272727
0 0.13716531440162272 0.711375 0.00855476673427992 0.020272727272727272
0 0.11518762677484787 0.5233295454545455 0.021272819472616635 0.023130681818181818
0 0.14496957403651115 0.4406193181818182 0.009112576064908721 0.02215909090909091
0 0.2087423935091278 0.4797784090909091 0.02498478701825558 0.017238636363636362
0 0.23456896551724138 0.5315852272727273 0.016024340770791075 0.043727272727272726
0 0.2368002028397566 0.5086477272727273 0.009082150101419878 0.011130681818181817
0 0.14414300202839755 0.4705965909090909 0.007454361054766734 0.010613636363636363
0 0.1438184584178499 0.4915852272727273 0.007271805273833671 0.012750000000000001
0 0.013245436105476674 0.37936931818181824 0.014300202839756592 0.02422727272727273
0 0.23199290060851926 0.22483522727272726 0.014295131845841786 0.019039772727272725
0 0.2929462474645031 0.49700568181818183 0.013504056795131846 0.016204545454545454
0 0.03164807302231237 0.8988636363636363 0.01178498985801217 0.0236875
0 0.0597870182555781 0.978903409090909 0.008468559837728195 0.01228409090909091
0 0.04089249492900609 0.9203977272727273 0.007251521298174443 0.01465340909090909
0 0.045253549695740365 0.9386079545454545 0.004685598377281947 0.018704545454545456
0 0.04752535496957404 0.9090965909090909 0.010415821501014198 0.008744318181818183
0 0.0670131845841785 0.8655795454545455 0.005760649087221095 0.01175568181818182
0 0.07455375253549697 0.8114602272727273 0.009563894523326571 0.011255681818181817
0 0.038483772819472614 0.7187386363636363 0.007393509127789047 0.01955113636363636
0 0.08525862068965517 0.6622443181818182 0.007038539553752536 0.013295454545454544
0 0.12622210953346855 0.668625 0.009964503042596348 0.010380681818181818
0 0.7111713995943205 0.7238579545454545 0.014006085192697769 0.03819886363636364
0 0.7416480730223124 0.7630568181818181 0.015091277890466532 0.014414772727272727
0 0.4935649087221095 0.47373295454545455 0.009102434077079107 0.02465340909090909
0 0.4776622718052739 0.5139034090909091 0.011308316430020284 0.030113636363636363
0 0.4869016227180527 0.49810795454545453 0.007804259634888439 0.01490340909090909
0 0.48504056795131845 0.37635795454545456 0.008651115618661257 0.02022159090909091
0 0.5458975659229209 0.3018522727272727 0.01481237322515213 0.012386363636363636
0 0.5449442190669371 0.35113636363636364 0.014939148073022313 0.012392045454545454
0 0.5993154158215009 0.2931306818181818 0.013057809330628804 0.012102272727272727
0 0.26839756592292086 0.9900340909090909 0.007910750507099391 0.01855681818181818
0 0.28788032454361057 0.9561647727272726 0.007601419878296146 0.03642045454545454
0 0.2928803245436105 0.986909090909091 0.007383367139959432 0.026176136363636363
0 0.30904665314401625 0.9914431818181818 0.006359026369168357 0.013545454545454545
0 0.25165821501014196 0.9758977272727273 0.006171399594320487 0.009568181818181818
0 0.16768255578093308 0.9973068181818182 0.00876267748478702 0.005380681818181818
0 0.25496957403651116 0.9341363636363635 0.006881338742393509 0.02069318181818182
0 0.20115618661257606 0.595653409090909 0.0073782961460446255 0.010386363636363636
0 0.17870689655172414 0.6976193181818181 0.008012170385395537 0.03634090909090909