0 0.28058064516129033 0.47404358353510895 0.0712258064516129 0.1224455205811138
0 0.12525806451612903 0.18869249394673124 0.12938709677419355 0.19818401937046004
0 0.7825483870967742 0.4782324455205811 0.12346774193548386 0.20861985472154962
0 0.8862741935483871 0.5811622276029056 0.09835483870967741 0.1405811138014528
0 0.7572096774193549 0.15864406779661017 0.0597741935483871 0.08
0 0.8326612903225806 0.08116222760290558 0.1572741935483871 0.16232445520581115
0 0.1276935483870968 0.04474576271186441 0.12598387096774194 0.08949152542372882
0 0.030161290322580643 0.14818401937046005 0.060322580645161286 0.12687651331719127
0 0.04991935483870968 0.03845036319612591 0.037516129032258067 0.07687651331719128
0 0.3193225806451613 0.42457627118644065 0.03969354838709677 0.05670702179176756
0 0.3916129032258065 0.5935835351089589 0.04375806451612903 0.04101694915254238
0 0.4376129032258064 0.6396852300242131 0.014096774193548387 0.02135593220338983