0 0.7587133333333332 0.0631244323342416 0.05075333333333333 0.1262488646684832
0 0.7393333333333333 0.2970027247956403 0.05333333333333334 0.03360581289736603
0 0.771 0.24704813805631246 0.13133333333333333 0.08719346049046321
0 0.37833333333333335 0.17029972752043596 0.08466666666666667 0.03996366939146231
0 0.4371466666666667 0.2427338782924614 0.03696 0.05584922797456857
0 0.30202666666666667 0.1493369663941871 0.019173333333333334 0.0410535876475931
0 0.010666666666666666 0.42370572207084467 0.021333333333333333 0.10535876475930972
0 0.93542 0.5245231607629428 0.008 0.010899182561307902
0 0.9556333333333333 0.5049409627611263 0.016 0.022706630336058128
0 0.9909333333333334 0.5903723887375113 0.018126666666666666 0.03633060853769301
0 0.92642 0.43295186194368757 0.03133333333333333 0.035422343324250684
0 0.2724333333333333 0.3599273387829246 0.05842666666666667 0.058810172570390555
0 0.46027999999999997 0.5623796548592188 0.03522 0.07389645776566757
0 0.3873333333333333 0.6080835603996367 0.012 0.012715712988192553
0 0.34603999999999996 0.5697184377838329 0.013893333333333334 0.01837420526793824
0 0.4256266666666667 0.6377747502270663 0.0264 0.032633969118982746
0 0.2856666666666667 0.6089918256130791 0.01 0.01634877384196185
0 0.36533333333333334 0.6845504087193461 0.025333333333333333 0.0211716621253406
0 0.31234 0.6354223433242507 0.03134666666666667 0.03742960944595822
0 0.5360466666666667 0.1450408719346049 0.00946 0.013115349682107175
0 0.32067999999999997 0.17903723887375114 0.021526666666666666 0.019954586739327883
0 0.3416466666666667 0.2165576748410536 0.0204 0.028001816530426882
0 0.3006466666666667 0.3118437783832879 0.05732 0.03801998183469573
0 0.29717333333333334 0.27356039963669393 0.043673333333333335 0.028428701180744777
0 0.24988 0.2673751135331517 0.03700666666666667 0.052452316076294275
0 0.15625999999999998 0.34685740236148954 0.01944 0.036684831970935514
0 0.18949333333333335 0.3189736603088102 0.05384666666666666 0.05518619436875567
0 0.21835333333333332 0.38039963669391463 0.03888 0.10231607629427794
0 0.3598533333333333 0.5785921889191644 0.01586 0.012343324250681199
0 0.45219333333333334 0.6449046321525885 0.023453333333333333 0.02409627611262489
0 0.49238000000000004 0.5729881925522252 0.022586666666666668 0.037529518619436875
0 0.8337466666666666 0.4367574931880109 0.07144666666666667 0.07428701180744778
0 0.16915333333333332 0.5824704813805631 0.05038666666666666 0.06771117166212534
0 0.15711333333333333 0.6177565849227974 0.11760666666666666 0.07791099000908265
0 0.17817333333333332 0.6808265213442325 0.10954 0.04762942779291553
0 0.15543333333333334 0.697811080835604 0.012793333333333334 0.02703905540417802
0 0.22644666666666668 0.7104268846503179 0.01172 0.020990009082652136
0 0.16568666666666668 0.7302815622161671 0.009806666666666667 0.02723887375113533
0 0.15207333333333334 0.7562851952770209 0.013546666666666667 0.01594913714804723
0 0.24525333333333332 0.6120254314259764 0.0233 0.017702089009990915
0 0.22474666666666668 0.616930063578565 0.01732 0.016021798365122616
0 0.27194666666666667 0.6653678474114442 0.010866666666666667 0.03490463215258856
0 0.28495333333333334 0.652897366030881 0.03308 0.02204359673024523
0 0.274 0.6912624886466848 0.008033333333333333 0.01394187102633969
0 0.28196 0.6950045413260673 0.011293333333333334 0.01924613987284287
0 0.26372666666666666 0.6828247048138056 0.0051 0.005803814713896458
0 0.056080000000000005 0.811544050862852 0.01344 0.014859218891916439
0 0.14191333333333334 0.8265213442325159 0.11154 0.05110808356039964
0 0.15102 0.7764668483197094 0.015326666666666666 0.020399636693914622
0 0.13308 0.8267756584922797 0.017533333333333335 0.024386920980926433
0 0.17709999999999998 0.797275204359673 0.04507333333333333 0.06372388737511353
0 0.25571333333333335 0.8216167120799274 0.01863333333333333 0.021752951861943686
0 0.27525333333333335 0.8300363306085377 0.015460000000000002 0.01550408719346049
0 0.26647333333333334 0.7797910990009083 0.02579333333333333 0.04817438692098092
0 0.2511733333333333 0.7116893732970028 0.026693333333333333 0.0307811080835604
0 0.24161333333333335 0.9023978201634877 0.033633333333333335 0.012016348773841962
0 0.24350666666666665 0.8613260672116259 0.029160000000000002 0.028065395095367845
0 0.2649533333333333 0.8815803814713896 0.04072 0.023551316984559492
0 0.3597666666666667 0.8511625794732062 0.04118 0.03841053587647593
0 0.32548 0.7336512261580381 0.0105 0.010245231607629426
0 0.33272666666666667 0.7907175295186195 0.01446 0.021534968210717532
0 0.35292666666666667 0.808047229791099 0.013260000000000001 0.01698455949137148
0 0.38506 0.8081653042688465 0.023693333333333334 0.03198001816530427
0 0.4109666666666667 0.8024886466848319 0.01654 0.01944595821980018
0 0.4349133333333333 0.7927247956403269 0.014486666666666667 0.022824704813805632
0 0.37781333333333333 0.8913351498637603 0.0448 0.036076294277929154
0 0.42723333333333335 0.8931607629427792 0.030266666666666667 0.034287011807447774
0 0.4588733333333333 0.8857674841053588 0.026306666666666666 0.03037238873751135
0 0.4742066666666666 0.9000999091734786 0.02024 0.022179836512261582
0 0.51392 0.8444050862851953 0.08286 0.11736603088101726
0 0.4852066666666666 0.8860399636693914 0.02058 0.03013623978201635
0 0.44691333333333333 0.7597910990009082 0.02014 0.03256130790190736
0 0.40182 0.675858310626703 0.014606666666666667 0.04790190735694823
0 0.35716000000000003 0.7225249772933696 0.023146666666666666 0.01784741144414169
0 0.30788 0.7412897366030881 0.0085 0.031916439600363306
0 0.38782666666666665 0.7096548592188919 0.01542 0.031516802906448683
0 0.37015333333333333 0.7075658492279745 0.019613333333333333 0.010563124432334241
0 0.3663533333333333 0.7463578564940963 0.005213333333333334 0.025794732061762034
0 0.12612 0.5211353315168029 0.02458666666666667 0.022107175295186195
0 0.22476666666666664 0.7340508628519529 0.03285333333333333 0.012479564032697548
0 0.22150666666666666 0.7542688465031789 0.021666666666666667 0.012034514078110809
0 0.23226 0.8328337874659401 0.025400000000000002 0.017138964577656676
0 0.28309999999999996 0.7486739327883741 0.01316 0.02108991825613079
0 0.3326266666666667 0.6894732061762034 0.01316 0.017002724795640325
0 0.39141333333333334 0.7833151680290644 0.012020000000000001 0.017329700272479563
0 0.4559066666666667 0.7310808356039963 0.01006 0.024396003633060853
0 0.46643999999999997 0.7091371480472298 0.020173333333333335 0.017829246139872842
0 0.4733733333333333 0.6850499545867393 0.018166666666666668 0.011725703905540417
0 0.5125933333333333 0.5996003633060853 0.04703333333333333 0.05080835603996367
0 0.53374 0.6382924613987284 0.009246666666666667 0.022606721162579474
0 0.5058866666666667 0.6361580381471389 0.012979999999999998 0.015149863760217984
0 0.5179466666666667 0.6496639418710263 0.0103 0.013197093551316983
0 0.39719999999999994 0.24582198001816527 0.01376 0.025122615803814714
0 0.6450733333333334 0.2334423251589464 0.027800000000000002 0.026630336058128975
0 0.5897466666666666 0.265322434150772 0.011833333333333333 0.0168755676657584
0 0.47619999999999996 0.3001998183469573 0.04294 0.01837420526793824
0 0.5173533333333333 0.30957311534968207 0.035506666666666666 0.01612170753860127
0 0.5463933333333334 0.30525885558583105 0.017613333333333335 0.01874659400544959
0 0.4347733333333333 0.323260672116258 0.028900000000000002 0.012752043596730244
0 0.46202666666666664 0.3294459582198002 0.023946666666666668 0.013124432334241598
0 0.4909266666666667 0.33019981834695733 0.01734 0.019872842870118073
0 0.42252666666666666 0.3526975476839237 0.021473333333333334 0.01612170753860127
0 0.5060666666666667 0.2683197093551317 0.040459999999999996 0.010127157129881926
0 0.80362 0.03862851952770209 0.011833333333333333 0.011998183469573116
0 0.7860066666666666 0.05381471389645776 0.011286666666666667 0.009373297002724795
0 0.6844333333333334 0.3558855585831063 0.03496 0.0675022706630336
0 0.7210466666666666 0.37182561307901907 0.022846666666666668 0.026630336058128975
0 0.60268 0.40089009990917346 0.009086666666666667 0.011998183469573116
0 0.61906 0.37594913714804723 0.014866666666666667 0.02812897366030881
0 0.5951133333333333 0.38607629427792917 0.025873333333333335 0.019872842870118073
0 0.5408866666666667 0.4295821980018166 0.015413333333333334 0.019128065395095366
0 0.51694 0.46689373297002723 0.02036666666666667 0.02399636693914623
0 0.55616 0.48526793823796543 0.07074 0.038247048138056315
0 0.5195533333333333 0.5066394187102633 0.025599999999999998 0.037502270663033604
0 0.61686 0.5013896457765668 0.03743333333333333 0.045749318801089914
0 0.5499666666666667 0.567211625794732 0.041839999999999995 0.040881017257039055
0 0.5963533333333333 0.5737693006357857 0.042666666666666665 0.04650317892824705
0 0.5909800000000001 0.524268846503179 0.034133333333333335 0.01874659400544959
0 0.7692133333333333 0.4787011807447774 0.03165333333333333 0.042379654859218886
0 0.7335666666666666 0.4766394187102634 0.017066666666666667 0.018001816530426883
0 0.7359066666666666 0.49689373297002726 0.026146666666666665 0.01874659400544959
0 0.6936533333333333 0.48901907356948227 0.02422 0.022497729336966393
0 0.7959133333333333 0.5295186194368756 0.035506666666666666 0.037502270663033604
0 0.76288 0.5255858310626703 0.030006666666666664 0.019872842870118073
0 0.7548466666666667 0.5407266121707539 0.01702 0.011480472297910991
0 0.7680799999999999 0.5559491371480473 0.006706666666666667 0.028337874659400544
0 0.7148733333333332 0.5486920980926431 0.014786666666666667 0.026003633060853768
0 0.7382533333333334 0.518710263396912 0.022006666666666664 0.016630336058128973
0 0.69536 0.5408446866485014 0.028366666666666665 0.027638510445049953
0 0.6981933333333333 0.5793732970027248 0.022353333333333333 0.04286103542234332
0 0.6736066666666667 0.5718801089918256 0.009626666666666667 0.01335149863760218
0 0.6609733333333334 0.5416621253405994 0.015646666666666666 0.017565849227974568
0 0.5369266666666667 0.7039872842870118 0.03542 0.05831970935513169
0 0.6973333333333334 0.429464123524069 0.013413333333333334 0.01287920072661217
0 0.74788 0.4079200726612171 0.00722 0.017565849227974568
0 0.7872533333333334 0.40838328792007267 0.009973333333333334 0.007729336966394187
0 0.59504 0.43286103542234333 0.0055 0.009373297002724795
0 0.57226 0.3971389645776567 0.012553333333333333 0.027402361489554952
0 0.55936 0.42208900999091736 0.011859999999999999 0.01217983651226158
0 0.51294 0.4303996366939146 0.028366666666666665 0.010072661217075386
0 0.6606266666666667 0.5092188919164395 0.020113333333333334 0.014523160762942779
0 0.57226 0.6180199818346958 0.014266666666666665 0.028337874659400544
0 0.5564399999999999 0.6673297002724796 0.023213333333333332 0.02108083560399637
0 0.6543533333333333 0.6333605812897366 0.019253333333333334 0.019673024523160762
0 0.7413466666666667 0.6312534059945504 0.01444 0.013115349682107175
0 0.6862466666666666 0.615213442325159 0.01702 0.026466848319709357
0 0.7077333333333333 0.6619436875567666 0.008426666666666667 0.02108083560399637
0 0.7579400000000001 0.616503178928247 0.021146666666666664 0.021553133514986375
0 0.7520066666666667 0.6078292461398729 0.009286666666666667 0.014050862851952771
0 0.8423533333333333 0.5711716621253407 0.01633333333333333 0.016158038147138964
0 0.8587733333333334 0.5693006357856494 0.01066 0.009600363306085376
0 0.7820066666666666 0.6136875567665758 0.010146666666666667 0.010772025431425976
0 0.7958466666666667 0.6426158038147138 0.00688 0.014759309718437783
0 0.81648 0.5746866485013624 0.007566666666666667 0.018501362397820166
0 0.7739266666666668 0.5916712079927339 0.014960000000000001 0.02717529518619437
0 0.7850199999999999 0.5951861943687556 0.00722 0.01217983651226158
0 0.79396 0.5989282470481381 0.009973333333333334 0.013115349682107175
0 0.90906 0.5801907356948228 0.030086666666666668 0.02717529518619437
0 0.9425 0.588156221616712 0.03542 0.03981834695731154
0 0.9496333333333333 0.626802906448683 0.02424 0.036076294277929154
0 0.9039866666666667 0.6190735694822889 0.015126666666666667 0.03794732061762034
0 0.8716666666666667 0.43953678474114444 0.006186666666666666 0.012415985467756584
0 0.91534 0.6673297002724796 0.01066 0.02201634877384196
0 0.9694066666666666 0.6494096276112625 0.004986666666666667 0.00913714804722979
0 0.9182600000000001 0.6125158946412352 0.008253333333333333 0.008428701180744777
0 0.9607266666666666 0.7096094459582197 0.008253333333333333 0.014287011807447776
0 0.9526466666666666 0.7216712079927339 0.00894 0.010772025431425976
0 0.97448 0.7595004541326068 0.011693333333333333 0.014759309718437783
0 0.9621000000000001 0.7647683923705721 0.013753333333333333 0.011707538601271572
0 0.9688066666666667 0.8188737511353316 0.00688 0.013587647593097186
0 0.9902133333333333 0.835386012715713 0.019086666666666665 0.02131698455949137
0 0.92118 0.706911898274296 0.01719333333333333 0.02201634877384196
0 0.9366533333333333 0.7300999091734787 0.015126666666666667 0.033732970027247955
0 0.9866 0.7979109900090826 0.0098 0.016630336058128973
0 0.9817 0.7755404178019982 0.008253333333333333 0.01827429609445958
0 0.9538466666666666 0.7806993642143506 0.00688 0.01030881017257039
0 0.9109533333333334 0.8387829246139873 0.010833333333333334 0.022488646684831973
0 0.9431 0.8851680290644869 0.005673333333333333 0.012652134423251589
0 0.7972266666666666 0.582297910990009 0.029573333333333333 0.013115349682107175
0 0.8682266666666666 0.609118982742961 0.006533333333333334 0.011943687556766577
0 0.877 0.6092370572207084 0.00688 0.014050862851952771
0 0.8853333333333333 0.6172025431425976 0.004986666666666667 0.007965485921889191
0 0.8676266666666667 0.6229427792915532 0.003953333333333333 0.006321525885558583
0 0.8755333333333333 0.6221253405994551 0.0036133333333333334 0.011244323342415987
0 0.7581933333333333 0.5607538601271571 0.012033333333333333 0.012652134423251589
0 0.7850199999999999 0.5611080835603997 0.005846666666666667 0.012415985467756584
0 0.7924066666666666 0.5615712988192552 0.008253333333333333 0.01335149863760218
0 0.82662 0.7014078110808356 0.015126666666666667 0.01569482288828338
0 0.8159666666666667 0.6132243415077202 0.006186666666666666 0.014986376021798364
0 0.8278266666666667 0.6254041780199818 0.013066666666666667 0.01217983651226158
0 0.7954200000000001 0.6146230699364215 0.009453333333333333 0.009836512261580381
0 0.7633533333333333 0.5908537693006357 0.012033333333333333 0.017102633969118982
0 0.6946666666666667 0.6293823796548592 0.014960000000000001 0.015930971843778383
0 0.69716 0.6408628519527703 0.010313333333333334 0.013115349682107175
0 0.7134066666666666 0.683369663941871 0.014266666666666665 0.018038147138964577
0 0.7141000000000001 0.7003542234332425 0.004986666666666667 0.005622161671207993
0 0.7135799999999999 0.6927429609445959 0.005673333333333333 0.008201634877384196
0 0.719 0.7025794732061762 0.00378 0.005858310626702997
0 0.7245866666666667 0.7037511353315168 0.0043 0.006321525885558583
0 0.6951866666666666 0.661117166212534 0.0043 0.02084468664850136
0 0.6920933333333334 0.6762306993642143 0.0043 0.007029972752043597
0 0.6490199999999999 0.711008174386921 0.07255333333333333 0.053169845594913716
0 0.62332 0.7438056312443233 0.009113333333333333 0.01100817438692098
0 0.61498 0.7502452316076295 0.011 0.014050862851952771
0 0.6058666666666667 0.7186285195277021 0.011693333333333333 0.018737511353315167
0 0.59856 0.7528247048138056 0.022180000000000002 0.035131698455949135
0 0.6029466666666666 0.7318619436875567 0.013413333333333334 0.010544959128065395
0 0.5778466666666666 0.705622161671208 0.008253333333333333 0.01287920072661217
0 0.5895333333333334 0.7141780199818346 0.013066666666666667 0.014523160762942779
0 0.5781866666666666 0.739591280653951 0.015473333333333334 0.011943687556766577
0 0.5756133333333333 0.7537602179836512 0.007566666666666667 0.011707538601271572
0 0.5646933333333333 0.7450953678474115 0.010146666666666667 0.014523160762942779
0 0.49989333333333336 0.7495912806539509 0.024566666666666667 0.030263396911898274
0 0.5249666666666667 0.7803088101725704 0.04576666666666667 0.055013623978201635
0 0.40002666666666664 0.804850136239782 0.005246666666666667 0.010590372388737512
0 0.42674666666666666 0.8119981834695731 0.009326666666666667 0.010063578564940962
0 0.4219866666666667 0.8539600363306086 0.009913333333333333 0.011916439600363305
0 0.4396733333333333 0.8513169845594913 0.011080000000000001 0.011916439600363305
0 0.17954666666666666 0.8864486830154406 0.009940000000000001 0.010118074477747502
0 0.22235333333333332 0.8653315168029064 0.00934 0.00930063578564941
0 0.09925999999999999 0.7456766575840146 0.009293333333333332 0.009273387829246141
0 0.06747333333333333 0.759700272479564 0.007466666666666667 0.017411444141689374
0 0.05900666666666667 0.77858310626703 0.010786666666666667 0.01944595821980018
0 0.06921333333333334 0.7944050862851952 0.01494 0.00994550408719346
0 0.11120666666666666 0.7577747502270663 0.012280000000000001 0.007238873751135332
0 0.29412 0.8124977293369663 0.012280000000000001 0.017184377838328792
0 0.29229333333333335 0.8511716621253406 0.01892 0.05879200726612171
0 0.29146666666666665 0.8882561307901907 0.007633333333333333 0.009500454132606723
0 0.31246 0.8638328792007266 0.020086666666666666 0.01944595821980018
0 0.34217333333333333 0.8932334241598547 0.010126666666666666 0.0140236148955495
0 0.34101333333333333 0.8809082652134423 0.00946 0.010172570390554041
0 0.30831333333333333 0.7662579473206176 0.011453333333333333 0.0183197093551317
0 0.31976666666666664 0.7691916439600364 0.0058066666666666674 0.011080835603996366
0 0.34167333333333333 0.7707811080835604 0.0058066666666666674 0.009273387829246141
0 0.31611333333333336 0.7092733878292461 0.010786666666666667 0.014695731153496821
0 0.3280666666666667 0.7111898274296095 0.0071400000000000005 0.01583106267029973
0 0.30615333333333333 0.6925340599455041 0.015106666666666668 0.0192188919164396
0 0.5518933333333333 0.7310899182561308 0.025893333333333334 0.013569482288828337
0 0.47935999999999995 0.7001089918256131 0.01162 0.017638510445049955
0 0.4816 0.7185376930063578 0.010459999999999999 0.016512261580381472
0 0.4426733333333333 0.722724795640327 0.007633333333333333 0.020808356039963668
0 0.46458666666666665 0.7570935513169845 0.008633333333333333 0.010853769300635785
0 0.5936333333333333 0.6554495912806539 0.0071400000000000005 0.009273387829246141
0 0.5963733333333333 0.6439146230699364 0.005973333333333334 0.006557674841053587
0 0.6434333333333333 0.6579382379654859 0.011786666666666666 0.01425068119891008
0 0.6771266666666667 0.6438056312443233 0.01112 0.01220708446866485
0 0.6709866666666667 0.6514895549500453 0.013446666666666668 0.00994550408719346
0 0.8325266666666666 0.8585195277020891 0.09535333333333333 0.10079019073569483
0 0.8302266666666666 0.8023705722070844 0.010206666666666668 0.015204359673024522
0 0.8408066666666667 0.8176748410535877 0.00878 0.012579473206176204
0 0.7498333333333334 0.8421616712079928 0.06608666666666667 0.13438692098092644
0 0.6773333333333333 0.7669118982742961 0.07694 0.07794732061762034
0 0.6400133333333333 0.8025249772933697 0.034526666666666664 0.07212534059945504
0 0.57606 0.7960217983651225 0.04208666666666667 0.05465031789282471
0 0.5545266666666666 0.814613987284287 0.04176 0.04345140781108084
0 0.5788599999999999 0.8806902815622162 0.03320666666666667 0.06092643051771117
0 0.6406733333333333 0.8526884650317892 0.09502666666666666 0.0488283378746594
0 0.6196266666666667 0.8900999091734787 0.046360000000000005 0.04748410535876476
0 0.6628666666666666 0.8968119891008174 0.03814 0.02598546775658492
0 0.98428 0.873006357856494 0.01006 0.023905540417801997