0 0.80725 0.572375 0.0795 0.07390624999999999
0 0.909984375 0.303546875 0.093625 0.07418749999999999
0 0.8192187499999999 0.315125 0.06734375000000001 0.054984374999999995
0 0.72834375 0.24934375000000003 0.10987499999999999 0.133578125
0 0.53396875 0.6990624999999999 0.077125 0.112421875
0 0.584546875 0.764046875 0.110296875 0.043234375000000005
0 0.6910000000000001 0.684359375 0.10418750000000002 0.114375
0 0.826375 0.739046875 0.06284375 0.07165625
0 0.9256718749999999 0.687390625 0.14068750000000002 0.059281249999999994
0 0.9478125000000001 0.8143437499999999 0.05325 0.03875
0 0.8415625 0.82384375 0.055765625 0.037375000000000005
0 0.513875 0.81003125 0.225140625 0.039531250000000004
0 0.486140625 0.8658125 0.133578125 0.047593750000000004
0 0.6035625 0.890421875 0.051640624999999996 0.019953125
0 0.357328125 0.848171875 0.036203125 0.07503125000000001
0 0.22185937500000003 0.835609375 0.082875 0.029546875
0 0.160609375 0.78296875 0.05532812499999999 0.068140625
0 0.137078125 0.531171875 0.064265625 0.046406249999999996
0 0.3978125 0.94215625 0.025937500000000002 0.034046875
0 0.24496875 0.735421875 0.065640625 0.019609375000000002
0 0.274578125 0.773515625 0.0420625 0.067015625
0 0.2223125 0.70784375 0.048546875 0.031453125
0 0.1651875 0.6607968750000001 0.04434375 0.04021875
0 0.199578125 0.630234375 0.058109375 0.049390625
0 0.3645 0.645890625 0.10778125000000001 0.040984375
0 0.41479687500000006 0.74275 0.066671875 0.037078125
0 0.457703125 0.68984375 0.063359375 0.04228125
0 0.37390625 0.7166406249999999 0.104625 0.030703124999999998
0 0.83234375 0.46971875 0.044125 0.032968750000000005
0 0.7365781250000001 0.419921875 0.098109375 0.06378125
0 0.782359375 0.471375 0.03075 0.022015625
0 0.74759375 0.335546875 0.067171875 0.047828125
0 0.66584375 0.390125 0.052390625 0.031671875
0 0.73353125 0.497484375 0.0278125 0.02840625
0 0.161875 0.161921875 0.112078125 0.13353125
0 0.235734375 0.222734375 0.0560625 0.06159375
0 0.232875 0.080140625 0.085984375 0.052500000000000005
0 0.35634375 0.062 0.19946875 0.087515625
0 0.6980000000000001 0.15103125 0.027968749999999997 0.06896875
0 0.7694375 0.089578125 0.045656249999999995 0.03265625
0 0.980078125 0.129953125 0.031921875 0.030875000000000003
0 0.6571875 0.093421875 0.021828125 0.05053125000000001
0 0.58084375 0.066546875 0.07890625 0.06640625
0 0.169078125 0.367828125 0.060781249999999995 0.033437499999999995
0 0.14609375 0.4171875 0.046890625000000005 0.022640625
0 0.19875 0.45890624999999996 0.09821875 0.10098437499999999
0 0.272875 0.52290625 0.07734375 0.050703125
0 0.22875 0.53653125 0.08790624999999999 0.0565625
0 0.355140625 0.45737500000000003 0.142046875 0.10914062499999999
0 0.38359375 0.53628125 0.125 0.041796875
0 0.195125 0.29626562500000003 0.119484375 0.067078125
0 0.38996875000000003 0.36384375 0.152609375 0.142125
0 0.487625 0.48901562500000006 0.11567187500000001 0.0786875
0 0.616234375 0.463671875 0.12628124999999998 0.07078124999999999
0 0.53028125 0.559078125 0.191234375 0.11184374999999999
0 0.712515625 0.5623750000000001 0.04284375 0.044078125
0 0.861765625 0.558875 0.0398125 0.021796875
0 0.8881249999999999 0.593453125 0.035484375 0.022703124999999998
0 0.8819531250000001 0.47601562499999994 0.026187500000000002 0.02315625
0 0.934796875 0.45621875 0.040203125 0.04365625
0 0.8942500000000001 0.42278125 0.033437499999999995 0.02390625
0 0.22471875 0.396828125 0.05745312500000001 0.023703125
0 0.26871875 0.426375 0.0395 0.0359375
0 0.298515625 0.339515625 0.030843749999999996 0.041499999999999995
0 0.362203125 0.795609375 0.035953125 0.030734375