0 0.32556250000000003 0.244828125 0.021328125 0.016015625
0 0.271578125 0.2818125 0.02103125 0.023140625
0 0.269484375 0.3101875 0.0133125 0.012765625
0 0.290109375 0.31848437500000004 0.01534375 0.0134375
0 0.24129687500000002 0.244734375 0.020203125 0.01821875
0 0.22134375 0.24495312500000002 0.0141875 0.01159375
0 0.23390624999999998 0.25834375 0.016 0.01221875
0 0.238015625 0.276140625 0.0160625 0.0093125
0 0.2085 0.35978125 0.021109375 0.012109375
0 0.20623437500000003 0.34700000000000003 0.01259375 0.007609375
0 0.18678125 0.34575 0.012531249999999999 0.0114375
0 0.633015625 0.024406249999999997 0.03434375 0.0430625
0 0.50321875 0.02778125 0.041328125 0.032234374999999996
0 0.5173593750000001 0.06539062500000001 0.038328125000000005 0.034437499999999996
0 0.92340625 0.368703125 0.061390625 0.034953125
0 0.97853125 0.36834375 0.034499999999999996 0.038125
0 0.97396875 0.418953125 0.030593749999999996 0.029828125
0 0.937625 0.42065625000000006 0.030359375 0.028046875
0 0.859203125 0.41987500000000005 0.06987499999999999 0.020624999999999998
0 0.956328125 0.39465625000000004 0.018140625 0.01578125
0 0.22715625 0.368328125 0.009671875 0.006078125
0 0.2018125 0.37103125000000003 0.006640625 0.0080625
0 0.183734375 0.3669375 0.013078125 0.028000000000000004
0 0.866875 0.660296875 0.0243125 0.02003125
0 0.8725625000000001 0.68971875 0.047015625 0.022921875
0 0.28146875 0.777328125 0.013218750000000001 0.028140625000000002
0 0.274203125 0.8115 0.010796875000000001 0.028687499999999998
0 0.24434375 0.790421875 0.02146875 0.048890625
0 0.30753125 0.86309375 0.017984375 0.018703125
0 0.26625 0.8878125000000001 0.022453124999999997 0.030593749999999996
0 0.34165625 0.841859375 0.016265625 0.029249999999999998
0 0.5606875 0.620765625 0.013765625 0.012609375
0 0.5451718750000001 0.63715625 0.00865625 0.0063125
0 0.4849375 0.37048437500000003 0.024125 0.01915625
0 0.49434374999999997 0.38101562499999997 0.021859375 0.016468749999999997
0 0.504703125 0.390484375 0.01678125 0.01665625
0 0.53346875 0.41100000000000003 0.018265625 0.0076875
0 0.4130625 0.411546875 0.013203125 0.008140625
0 0.40173437500000003 0.423671875 0.013984374999999999 0.01553125
0 0.44840625 0.368421875 0.012203124999999999 0.01159375
0 0.4295625 0.342328125 0.0333125 0.02003125
0 0.51765625 0.357609375 0.0163125 0.009015625
0 0.49571875 0.35475 0.010562499999999999 0.0108125
0 0.64309375 0.31320312499999997 0.015921875 0.029578125
0 0.6420625 0.339625 0.051390625 0.028687499999999998
0 0.5926875 0.3203125 0.0155 0.030984374999999998
0 0.508734375 0.601453125 0.0130625 0.0121875
0 0.316890625 0.82575 0.016671875 0.014453125
0 0.283578125 0.8639531249999999 0.021859375 0.020734375
0 0.20614062500000002 0.579203125 0.016984375 0.0174375
0 0.230171875 0.58546875 0.0308125 0.00796875