0 0.049421875 0.48717187500000003 0.09884375 0.2621875
0 0.13084374999999998 0.6288750000000001 0.21040625 0.226296875
0 0.247953125 0.45271875 0.2939375 0.3445625
0 0.4724375 0.404875 0.15415625 0.1901875
0 0.6130312499999999 0.79075 0.292203125 0.137375
0 0.65296875 0.9303125 0.40915625 0.139359375
0 0.487484375 0.284328125 0.085765625 0.081828125
0 0.780375 0.76225 0.082171875 0.0543125
0 0.7023906249999999 0.633015625 0.03378125 0.042125
0 0.5639062499999999 0.396578125 0.041499999999999995 0.057640625
0 0.64728125 0.489703125 0.044046875 0.080734375
0 0.251078125 0.32675 0.05103124999999999 0.05765625
0 0.45275 0.200859375 0.0495 0.0521875
0 0.49006249999999996 0.08615625 0.0455 0.08828125
0 0.46828125 0.137875 0.041109375 0.056843750000000005
0 0.314859375 0.194203125 0.057343750000000006 0.060187500000000005
0 0.3815 0.21592187499999999 0.03603125 0.024734375
0 0.368640625 0.13721875 0.044421875 0.100828125
0 0.40995312500000003 0.17653125 0.031093749999999996 0.06218749999999999
0 0.55290625 0.175609375 0.04553125 0.05071875
0 0.438078125 0.080953125 0.030843749999999996 0.06401562499999999
0 0.259 0.13640625 0.033078125 0.075765625
0 0.5663750000000001 0.476078125 0.064453125 0.041749999999999995
0 0.8319531250000001 0.647015625 0.055765625 0.042421875
0 0.77371875 0.648953125 0.026078125 0.045234375
0 0.702203125 0.71034375 0.050453125 0.046453125
0 0.553109375 0.22659375 0.064703125 0.040734375
0 0.49779687499999997 0.244921875 0.06603125 0.061406249999999996
0 0.40409375000000003 0.2541875 0.0375 0.03621875
0 0.558578125 0.067125 0.035109375 0.081125
0 0.609765625 0.10884374999999999 0.035265625 0.06434375
0 0.6290312499999999 0.22948437500000002 0.028859375 0.049734375
0 0.546125 0.284875 0.040046874999999996 0.033625
0 0.7350625 0.2588125 0.018078125 0.039078125000000005
0 0.750984375 0.314875 0.048859375 0.056296875
0 0.7715156249999999 0.14750000000000002 0.01846875 0.07768749999999999
0 0.79384375 0.1935625 0.038171875 0.03225
0 0.5939687499999999 0.288578125 0.02165625 0.0314375
0 0.30139062499999997 0.26659375 0.028296875 0.030093750000000002
0 0.11059375 0.15328124999999998 0.038 0.02740625
0 0.26740624999999996 0.045765625 0.034953125 0.03309375
0 0.311125 0.057234375000000004 0.027484375 0.0315
0 0.748921875 0.496 0.033 0.0325625
0 0.6889375 0.543109375 0.019671875 0.06492187499999999
0 0.38303125 0.7067812499999999 0.03696875 0.030796875
0 0.42175 0.7394375 0.040828125 0.037484375
0 0.435421875 0.28859375 0.025500000000000002 0.031453125
0 0.573109375 0.339125 0.023265625 0.02375
0 0.612234375 0.438375 0.049515625 0.066578125
0 0.5310625 0.61096875 0.284765625 0.21984374999999998
0 0.61403125 0.51134375 0.022859375 0.06321875
0 0.659484375 0.5738125000000001 0.044984375 0.07834375
0 0.463484375 0.042578125 0.01978125 0.02778125
0 0.638484375 0.338203125 0.0503125 0.085890625
0 0.559640625 0.43734375 0.028718749999999998 0.042125
0 0.43748437500000004 0.1496875 0.037109375 0.052203124999999996
0 0.5985625 0.16789062500000002 0.041515625 0.049140625
0 0.752046875 0.5852968749999999 0.05846875 0.034140625