0 0.442125 0.8694062499999999 0.0845625 0.060578125000000003
0 0.70665625 0.9001718750000001 0.0919375 0.0543125
0 0.7225625 0.796421875 0.05128125 0.0738125
0 0.553984375 0.65059375 0.03390625 0.033015625
0 0.49034374999999997 0.674640625 0.063109375 0.046890625000000005
0 0.39990625 0.6559062499999999 0.080125 0.02809375
0 0.074125 0.608046875 0.03753125 0.051203125
0 0.69021875 0.057499999999999996 0.022640625 0.0201875
0 0.680734375 0.08015625 0.052296875 0.028203125000000002
0 0.638078125 0.06753125 0.057625 0.040796874999999996
0 0.624578125 0.10715625 0.0393125 0.044875
0 0.7418125 0.12450000000000001 0.032015625 0.01559375
0 0.579078125 0.114578125 0.052015624999999996 0.042125
0 0.692125 0.20090625 0.042296875 0.02553125
0 0.751671875 0.248296875 0.074078125 0.03340625
0 0.571140625 0.19678125 0.089984375 0.051937500000000004
0 0.5192812499999999 0.12689062499999998 0.068421875 0.07325000000000001
0 0.2380625 0.177046875 0.08621875 0.049796875000000004
0 0.193609375 0.216484375 0.08931249999999999 0.0369375
0 0.55640625 0.26784375 0.09584375 0.06035937500000001
0 0.65334375 0.163546875 0.024515625 0.02471875
0 0.6851406250000001 0.24259375 0.043109375 0.016984375
0 0.6148125 0.25979687500000004 0.028687499999999998 0.035953125
0 0.41382812500000005 0.242171875 0.15975 0.067671875
0 0.264421875 0.25206249999999997 0.1348125 0.046984375
0 0.2541875 0.30648437500000003 0.090125 0.080953125
0 0.16059375 0.3196875 0.09539062499999999 0.081703125
0 0.054609375 0.31462500000000004 0.10921875 0.039781250000000004
0 0.121078125 0.2290625 0.040796874999999996 0.015875
0 0.27749999999999997 0.40651562500000005 0.30265624999999996 0.11760937499999999
0 0.35903125 0.4999375 0.198265625 0.08735937499999999
0 0.17046875 0.512765625 0.18659375 0.12323437500000001
0 0.35146875 0.552828125 0.167484375 0.05671875
0 0.21754687499999997 0.62325 0.054140625 0.0454375
0 0.0130625 0.5209374999999999 0.026125 0.05725
0 0.7385312500000001 0.51275 0.03915625 0.025343749999999998
0 0.8481406249999999 0.528296875 0.020390625000000002 0.022093750000000002
0 0.414453125 0.67265625 0.014984375 0.015046875000000001
0 0.30384375 0.665046875 0.05078125 0.04875
0 0.31960937500000003 0.840828125 0.029046875 0.027453125000000002
0 0.56571875 0.15665625 0.0371875 0.034265625
0 0.297109375 0.106390625 0.11503125 0.050578124999999995
0 0.02628125 0.250671875 0.04415625 0.023
0 0.514671875 0.21346875 0.05878124999999999 0.046546875