0 0.03161764705882353 0.7799121844127332 0.06323529411764706 0.042810098792535674
0 0.961764705882353 0.4670691547749726 0.07647058823529412 0.06037321624588365
0 0.15073529411764705 0.5784851811196488 0.11323529411764706 0.03951701427003293
0 0.0838235294117647 0.6350164654226125 0.1264705882352941 0.042810098792535674
0 0.2464705882352941 0.47180021953896817 0.1041764705882353 0.0913172338090011
0 0.8102941176470588 0.22886937431394072 0.029411764705882353 0.018660812294182216
0 0.975 0.203622392974753 0.047058823529411764 0.021953896816684963
0 0.22279411764705884 0.32711306256860595 0.054411764705882354 0.015367727771679473
0 0.020588235294117647 0.7091108671789242 0.041176470588235294 0.030735455543358946
0 0.3 0.8907793633369924 0.041176470588235294 0.029637760702524697
0 0.7073529411764706 0.5713501646542262 0.029411764705882353 0.012074643249176729
0 0.6955882352941176 0.6558726673984633 0.03529411764705882 0.021953896816684963
0 0.6044117647058823 0.5779363336992316 0.03235294117647059 0.020856201975850714
0 0.5705882352941176 0.5203073545554336 0.07941176470588235 0.02305159165751921
0 0.7323529411764705 0.8430296377607025 0.011764705882352941 0.009879253567508232
0 0.663235294117647 0.9785949506037321 0.023529411764705882 0.007683863885839737
0 0.19044117647058822 0.8946212952799122 0.013235294117647059 0.009879253567508232
0 0.7080882352941177 0.9588364434687157 0.01911764705882353 0.015367727771679473
0 0.7676470588235295 0.8523600439077936 0.023529411764705882 0.01646542261251372
0 0.8904411764705882 0.9511525795828759 0.022058823529411766 0.015367727771679473
0 0.7411764705882353 0.9302963776070252 0.026470588235294117 0.018660812294182216
0 0.6051470588235294 0.8638858397365532 0.04264705882352941 0.03293084522502744
0 0.8647058823529412 0.9165751920965971 0.047058823529411764 0.030735455543358946
0 0.14866176470588235 0.40422612513721184 0.06554411764705882 0.03243688254665203
0 0.1630735294117647 0.3809110867178924 0.0641764705882353 0.03464324917672887
0 0.24036764705882352 0.39816684961580684 0.11557352941176471 0.061646542261251366
0 0.13869117647058823 0.4683754116355653 0.12048529411764707 0.06305159165751921
0 0.10541176470588236 0.444456641053787 0.05619117647058824 0.033995609220636665
0 0.07566176470588236 0.39714599341383094 0.09052941176470589 0.048320526893523605
0 0.03636764705882353 0.37758507135016467 0.05083823529411765 0.024226125137211854
0 0.2737647058823529 0.9496048298572997 0.07164705882352941 0.04565312843029638
0 0.1259558823529412 0.31575192096597143 0.06289705882352942 0.02828759604829857
0 0.9238088235294118 0.2817014270032931 0.07916176470588235 0.02062568605927552
0 0.8903823529411765 0.2391767288693743 0.07729411764705883 0.02357848518111965
0 0.8958382352941175 0.2121953896816685 0.059500000000000004 0.017003293084522503
0 0.6817205882352941 0.728364434687157 0.052485294117647054 0.02251372118551043
0 0.5940882352941177 0.7392316136114161 0.03498529411764706 0.029868276619099892
0 0.020941176470588234 0.43298572996706913 0.04188235294117647 0.018474204171240394