0 0.57090625 0.443953125 0.264421875 0.25690625
0 0.7264062499999999 0.622 0.106671875 0.09915625
0 0.654296875 0.64903125 0.076625 0.069109375
0 0.802484375 0.676203125 0.18357812499999998 0.06029687500000001
0 0.78425 0.600203125 0.0360625 0.0375625
0 0.806390625 0.303890625 0.022375 0.032390625
0 0.31623437499999996 0.567671875 0.027765625 0.035484375
0 0.33859374999999997 0.61240625 0.029312500000000002 0.021593750000000002
0 0.513296875 0.558796875 0.042421875 0.054765625
0 0.70959375 0.48939062499999997 0.0478125 0.03625
0 0.73928125 0.521015625 0.04396875 0.025453125
0 0.817578125 0.557265625 0.026218750000000002 0.033171875
0 0.8241250000000001 0.609328125 0.02390625 0.018515625
0 0.748921875 0.56690625 0.026218750000000002 0.0246875
0 0.702265625 0.539140625 0.022375 0.021593750000000002
0 0.379859375 0.40454687500000003 0.03625 0.02853125
0 0.677640625 0.73603125 0.079125 0.08275
0 0.570609375 0.54234375 0.06498437500000001 0.0355
0 0.242875 0.749125 0.03996875 0.027828125
0 0.31678125 0.6906718749999999 0.026515624999999998 0.021453125