0 0.43726562500000005 0.3834375 0.6375 0.625
0 0.5056406250000001 0.156140625 0.058046875 0.082984375
0 0.5982031250000001 0.090625 0.02459375 0.031296875
0 0.696765625 0.236171875 0.0203125 0.01875
0 0.62 0.734609375 0.0265625 0.025
0 0.99140625 0.3584375 0.0171875 0.025
0 0.8592968750000001 0.582921875 0.0359375 0.028125
0 0.9245468750000001 0.49446874999999996 0.044437500000000005 0.03575
0 0.776453125 0.20153125 0.0359375 0.0328125
0 0.58440625 0.1831875 0.034375 0.0453125
0 0.769046875 0.391640625 0.040625 0.0390625
0 0.718171875 0.646203125 0.046875 0.0421875
0 0.8470000000000001 0.44884375 0.054031249999999996 0.039515625
0 0.83478125 0.104125 0.046875 0.046875
0 0.66115625 0.26340625 0.048 0.050687499999999996
0 0.905109375 0.565578125 0.06073437499999999 0.047359374999999995
0 0.623984375 0.13865624999999998 0.04375 0.0578125
0 0.718265625 0.351015625 0.0515625 0.0484375
0 0.670921875 0.175953125 0.06365625 0.067
0 0.715953125 0.7322656249999999 0.0578125 0.0546875
0 0.8042343750000001 0.7088281249999999 0.115625 0.0734375
0 0.653734375 0.881484375 0.0234375 0.028125
0 0.505015625 0.79178125 0.028125 0.028125
0 0.40542187500000004 0.8779843749999999 0.0265625 0.03125
0 0.46204687499999997 0.8161406250000001 0.0328125 0.03125
0 0.570140625 0.777578125 0.046875 0.05
0 0.355796875 0.6934843749999999 0.0171875 0.0140625
0 0.305796875 0.65703125 0.025 0.025
0 0.041203125 0.278984375 0.048765625 0.03325
0 0.258921875 0.768609375 0.0296875 0.0328125
0 0.10084375000000001 0.504046875 0.028125 0.0375
0 0.061 0.4703125 0.0453125 0.0328125
0 0.44954687499999996 0.729421875 0.0484375 0.08125
0 0.575484375 0.056406250000000005 0.0288125 0.039328125000000005
0 0.447546875 0.091 0.0234375 0.0328125
0 0.154078125 0.07618749999999999 0.03125 0.03125
0 0.049015625 0.317078125 0.034375 0.034375
0 0.121125 0.11056250000000001 0.0390625 0.040625
0 0.428015625 0.05 0.0640625 0.0421875
0 0.90234375 0.00859375 0.0265625 0.0171875
0 0.342078125 0.04375 0.0203125 0.0203125
0 0.659703125 0.769765625 0.0171875 0.0171875
0 0.626765625 0.6952812500000001 0.0125 0.0125
0 0.73996875 0.477703125 0.04478125 0.04278125
0 0.184234375 0.579796875 0.058625000000000003 0.070515625