0 0.38673437499999996 0.182109375 0.117359375 0.210734375
0 0.153484375 0.02765625 0.11451562500000001 0.0553125
0 0.24346874999999998 0.041109375 0.0516875 0.061734374999999994
0 0.693953125 0.044703124999999996 0.08742187500000001 0.075515625
0 0.7788125 0.138828125 0.07418749999999999 0.14725
0 0.728078125 0.570890625 0.2930625 0.5582812500000001
0 0.80525 0.248109375 0.06775 0.074109375
0 0.9038906250000001 0.1363125 0.06231250000000001 0.054859375
0 0.8964062500000001 0.357609375 0.1791875 0.27332812500000003
0 0.9750937499999999 0.57715625 0.049796875000000004 0.153734375
0 0.9717968750000001 0.764859375 0.05639062500000001 0.09734374999999999
0 0.9726250000000001 0.9133749999999999 0.05475 0.07959374999999999
0 0.726171875 0.943125 0.076046875 0.066578125
0 0.652453125 0.9528593750000001 0.112578125 0.09428125000000001
0 0.4843125 0.8877656249999999 0.1675 0.22448437499999999
0 0.240265625 0.21623437499999998 0.15290625 0.146625
0 0.24415625 0.63825 0.48832812499999995 0.723515625
0 0.35534374999999996 0.312125 0.074796875 0.056234375
0 0.046203125 0.30640625 0.09240625 0.262515625
0 0.16246875 0.24748437499999998 0.145359375 0.176015625
0 0.6857031250000001 0.21259375 0.096265625 0.14754687500000002
0 0.58825 0.17078125 0.094171875 0.291453125
0 0.52815625 0.48878125 0.296609375 0.377140625
0 0.489734375 0.266265625 0.140125 0.10234375
0 0.8528281249999999 0.873 0.1730625 0.25401562499999997