0 0.9267578125 0.83740234375 0.134765625 0.0751953125
0 0.8203125 0.724609375 0.07421875 0.044921875
0 0.79052734375 0.64501953125 0.1044921875 0.0810546875
0 0.92724609375 0.66162109375 0.0205078125 0.0205078125
0 0.9677734375 0.6640625 0.01953125 0.013671875
0 0.769287109375 0.322060546875 0.283291015625 0.097080078125
0 0.766533203125 0.422490234375 0.215517578125 0.102568359375
0 0.760615234375 0.577705078125 0.0930078125 0.05478515625
0 0.892568359375 0.60005859375 0.074658203125 0.039736328125
0 0.557119140625 0.35869140625 0.134931640625 0.055556640625
0 0.807744140625 0.54125 0.140419921875 0.090966796875
0 0.758291015625 0.4884375 0.113564453125 0.04029296875