0 0.46484375 0.36083984375 0.03515625 0.0283203125
0 0.4755859375 0.46728515625 0.046875 0.0322265625
0 0.52685546875 0.4580078125 0.0224609375 0.013671875
0 0.54150390625 0.349609375 0.0205078125 0.013671875
0 0.734375 0.5693359375 0.396484375 0.333984375
0 0.3935546875 0.5703125 0.029296875 0.01953125
0 0.22119140625 0.646484375 0.0302734375 0.021484375
0 0.57080078125 0.44921875 0.0146484375 0.01171875
0 0.634521484375 0.37181640625 0.026826171875 0.0216015625
0 0.616298828125 0.69810546875 0.032509765625 0.0239453125
0 0.5731640625 0.36203125 0.011943359375 0.016279296875
0 0.478681640625 0.6170703125 0.019228515625 0.022666015625