0 0.5322265625 0.22314453125 0.048828125 0.0712890625
0 0.4458984375 0.50333984375 0.173046875 0.136845703125
0 0.54736328125 0.83447265625 0.0634765625 0.1162109375
0 0.5986328125 0.42529296875 0.02734375 0.0224609375
0 0.69580078125 0.47607421875 0.0205078125 0.0224609375
0 0.33447265625 0.52197265625 0.0224609375 0.0244140625
0 0.70703125 0.39013671875 0.06640625 0.0712890625
0 0.568359375 0.21728515625 0.025390625 0.0283203125
0 0.607978515625 0.7420703125 0.033349609375 0.03265625
0 0.6298828125 0.77197265625 0.025390625 0.0361328125
0 0.7505859375 0.5961328125 0.02861328125 0.028017578125
0 0.464384765625 0.66443359375 0.12533203125 0.192822265625
0 0.52072265625 0.648759765625 0.017685546875 0.01654296875
0 0.369541015625 0.720771484375 0.025712890625 0.02955078125
0 0.563603515625 0.556376953125 0.098818359375 0.16630859375
0 0.398125 0.727529296875 0.0391796875 0.04701171875