0 0.56015625 0.50690625 0.056906250000000005 0.053109375
0 0.64515625 0.512734375 0.024609375 0.0248125
0 0.68621875 0.454265625 0.0245 0.0206875
0 0.7098125 0.4245 0.0246875 0.02034375
0 0.792046875 0.69234375 0.052437500000000005 0.027375
0 0.9283125 0.355890625 0.107203125 0.143171875
0 0.209328125 0.609234375 0.31701562499999997 0.3839375
0 0.33440625 0.722328125 0.0489375 0.07615625000000001
0 0.374015625 0.696140625 0.038828125000000005 0.064
0 0.355515625 0.635125 0.017625 0.021374999999999998
0 0.618328125 0.040796874999999996 0.030421874999999998 0.032296875
0 0.3791875 0.26490625 0.37170312499999997 0.460875
0 0.5174375 0.20975000000000002 0.027171875 0.025062499999999998
0 0.55303125 0.236328125 0.028749999999999998 0.028234375
0 0.015562500000000002 0.508640625 0.031140624999999998 0.0288125
0 0.10578125000000001 0.423921875 0.028499999999999998 0.0228125
0 0.0414375 0.5078125 0.0016406250000000002 0.0013281249999999999
0 0.013921875 0.66871875 0.0221875 0.025546875000000004
0 0.524125 0.3944375 0.0384375 0.056734375000000004
0 0.290375 0.138515625 0.022546875 0.019828125
0 0.10981250000000001 0.370546875 0.014828125000000001 0.015984375000000002
0 0.174484375 0.34975 0.020046875 0.018437500000000002
0 0.44176562500000005 0.7055625 0.013984374999999999 0.032171875
0 0.44921875 0.64653125 0.047890625 0.0555625
0 0.514515625 0.650484375 0.017578125 0.021671875
0 0.6735625 0.70859375 0.020765625 0.014078125
0 0.838125 0.39178125 0.087296875 0.0985625
0 0.305546875 0.15453125 0.011265625 0.026046875000000004
0 0.116265625 0.391046875 0.011140625 0.01365625
0 0.172703125 0.40703125 0.015453125000000002 0.014015625
0 0.05965625 0.69403125 0.04096875 0.034499999999999996
0 0.3315625 0.671921875 0.016890625 0.017609375
0 0.43390625 0.5436875 0.058453124999999995 0.11465624999999999
0 0.5508124999999999 0.28776562499999997 0.03446875 0.049453125
0 0.62696875 0.411296875 0.018296875 0.022265625
0 0.507765625 0.428125 0.019296874999999998 0.014343749999999999
0 0.265375 0.74915625 0.012359375 0.024234375
0 0.20775000000000002 0.795640625 0.015828125000000002 0.0173125
0 0.0868125 0.44420312500000003 0.024234375 0.026718750000000003
0 0.583453125 0.07396875 0.013078125 0.016046875