0 0.244125 0.12440625000000001 0.06589062500000001 0.15771875
0 0.274453125 0.131296875 0.029593750000000002 0.06503125
0 0.42465624999999996 0.184890625 0.0651875 0.12484375
0 0.5495625000000001 0.2446875 0.07803125 0.14696875
0 0.727609375 0.518234375 0.08349999999999999 0.194171875
0 0.384375 0.590703125 0.10232812499999999 0.21796875
0 0.282171875 0.879921875 0.120171875 0.240140625
0 0.211484375 0.9234843749999999 0.016390625 0.015437500000000002
0 0.219921875 0.947890625 0.009828125 0.018359375
0 0.14040625 0.171296875 0.01196875 0.014890625
0 0.156109375 0.20606249999999998 0.014890625 0.0195625
0 0.24915625000000002 0.21996875 0.017609375 0.031453125
0 0.25440625 0.24021875 0.010734375 0.0249375
0 0.272015625 0.213109375 0.01496875 0.0171875
0 0.299671875 0.176234375 0.0224375 0.023203124999999998
0 0.329109375 0.19042187500000002 0.011625 0.019609375000000002
0 0.33009374999999996 0.1734375 0.016078125 0.018187500000000002
0 0.15626562500000002 0.291375 0.01440625 0.02153125
0 0.29209375 0.088890625 0.01771875 0.029734375
0 0.30525 0.077875 0.009375 0.019953125
0 0.20274999999999999 0.16675 0.011125 0.0193125
0 0.21387499999999998 0.153734375 0.01290625 0.02215625
0 0.31843750000000004 0.6255468750000001 0.030828125 0.016859375
0 0.321078125 0.069125 0.009156250000000001 0.040953125
0 0.7028125000000001 0.629296875 0.013328125 0.035921875
0 0.700328125 0.663953125 0.010671875 0.02740625
0 0.7379374999999999 0.29540625 0.0243125 0.024703125