0 0.12789062499999998 0.46796875 0.20109375 0.1640625
0 0.21171875 0.1921875 0.09375 0.1
0 0.7479375 0.5178281250000001 0.25256249999999997 0.269828125
0 0.983671875 0.45578124999999997 0.032640625 0.0734375
0 0.69659375 0.8033906249999999 0.026390625 0.025265625000000003
0 0.613234375 0.7208281249999999 0.029109375 0.03478125
0 0.65859375 0.75703125 0.0125 0.0140625
0 0.62578125 0.84140625 0.025 0.025
0 0.6502656250000001 0.8519687499999999 0.0125 0.0140625
0 0.431671875 0.8837343750000001 0.02653125 0.026703125
0 0.45390625 0.76875 0.0296875 0.0296875
0 0.66953125 0.6921875 0.025 0.03125
0 0.9875 0.75703125 0.0125 0.0203125
0 0.913640625 0.9102656250000001 0.0335625 0.013671875
0 0.519859375 0.558 0.23246875 0.30021875
0 0.40975 0.63971875 0.07648437500000001 0.09409375
0 0.375 0.61796875 0.01875 0.01875
0 0.4 0.5875 0.0234375 0.025
0 0.071875 0.6203125 0.0515625 0.034375
0 0.1 0.675 0.0265625 0.025
0 0.0484375 0.38671875 0.05 0.0171875
0 0.075 0.221875 0.01875 0.0203125
0 0.125 0.12890625 0.025 0.0171875
0 0.2828125 0.02109375 0.01875 0.0171875
0 0.325875 0.03975 0.0220625 0.013875000000000002
0 0.4578125 0.096875 0.015625 0.0171875
0 0.21640625 0.035546875 0.046875 0.0375
0 0.5553125 0.07115625 0.029515625 0.082953125
0 0.58515625 0.1765625 0.025 0.0265625
0 0.69140625 0.21875 0.025 0.025
0 0.766046875 0.32873437499999997 0.1370625 0.12481249999999999
0 0.6405624999999999 0.3265 0.02853125 0.033359375000000004
0 0.8796875 0.375 0.0171875 0.021875
0 0.91015625 0.33359375 0.0171875 0.034375
0 0.9671875 0.2640625 0.0375 0.04375
0 0.7250156249999999 0.69121875 0.055578125 0.054203125
0 0.796125 0.67640625 0.08584375 0.08921875
0 0.8970312500000001 0.5213125 0.067796875 0.08354687499999999
0 0.41965624999999995 0.404328125 0.31448437500000004 0.3465625
0 0.882828125 0.473140625 0.021390625 0.024953125
0 0.15653125 0.341703125 0.01578125 0.015515625
0 0.68084375 0.329140625 0.036421875 0.03421875