0 0.530875 0.111421875 0.053031249999999995 0.048359374999999996
0 0.478671875 0.091890625 0.02015625 0.018828125
0 0.36320312499999996 0.411671875 0.058546875 0.050609375
0 0.527171875 0.705953125 0.033734375 0.03375
0 0.6113125 0.788984375 0.044671875 0.044906249999999995
0 0.641328125 0.204859375 0.076125 0.063625
0 0.570546875 0.27732812500000004 0.063265625 0.156140625
0 0.617984375 0.297375 0.029421874999999997 0.1151875
0 0.659203125 0.2920625 0.059453124999999996 0.095015625
0 0.382375 0.58109375 0.223234375 0.079578125
0 0.481765625 0.49853125 0.074015625 0.078921875
0 0.548625 0.605859375 0.100453125 0.129125
0 0.64396875 0.711546875 0.192703125 0.075921875
0 0.487484375 0.30975 0.09975 0.0875
0 0.54540625 0.390890625 0.182203125 0.066234375
0 0.55946875 0.48392187499999995 0.07209375 0.10692187500000001
0 0.671 0.557296875 0.142625 0.2250625
0 0.784328125 0.589953125 0.078015625 0.14450000000000002