0 0.325640625 0.399578125 0.032125 0.031656250000000004
0 0.383171875 0.3871875 0.030640624999999998 0.025953125
0 0.41453125 0.6493125 0.025546875000000004 0.043796875
0 0.138234375 0.637765625 0.032375 0.022828124999999998
0 0.3108125 0.65121875 0.04484375 0.043375000000000004
0 0.24206249999999999 0.555578125 0.03659375 0.027968749999999997
0 0.299796875 0.3031875 0.0228125 0.021124999999999998
0 0.23093750000000002 0.475515625 0.09275 0.05428125
0 0.23739062500000002 0.44182812499999996 0.069640625 0.016593749999999997
0 0.232734375 0.40571875 0.026421875 0.022765625
0 0.164515625 0.43187499999999995 0.06796875 0.02634375
0 0.192265625 0.383265625 0.042953124999999995 0.028703125000000003
0 0.5609375 0.41174999999999995 0.025953125 0.024234375
0 0.653203125 0.55621875 0.17021875 0.039390625
0 0.7203593749999999 0.519890625 0.291828125 0.039218750000000004
0 0.682765625 0.48875 0.08737500000000001 0.03203125
0 0.673328125 0.46459374999999997 0.26556250000000003 0.03459375
0 0.59165625 0.38834375 0.0356875 0.02446875
0 0.49684375000000003 0.3968125 0.08634375 0.060046875
0 0.534546875 0.356140625 0.034640625 0.046515625
0 0.28315625 0.41460937500000006 0.067953125 0.061734374999999994
0 0.43156249999999996 0.510125 0.3033125 0.22643749999999999
0 0.278296875 0.546515625 0.022265625 0.012625
0 0.27553125 0.529109375 0.035734375 0.017390625
0 0.700375 0.395015625 0.022343750000000002 0.01959375
0 0.230234375 0.342859375 0.020999999999999998 0.01596875
0 0.2421875 0.616703125 0.01278125 0.01575
0 0.471875 0.6387343750000001 0.029703125000000004 0.030093750000000002
0 0.6112031250000001 0.49106249999999996 0.054906250000000004 0.0173125
0 0.5960625 0.43078125 0.019328124999999998 0.02484375