0 0.59478125 0.38065625000000003 0.053859375 0.09465625
0 0.582234375 0.43134375 0.030671874999999998 0.018015625
0 0.633625 0.46460937500000005 0.037390625 0.061
0 0.593359375 0.46637500000000004 0.032796874999999996 0.040984375
0 0.54390625 0.303171875 0.040046874999999996 0.029578125
0 0.5394375 0.36521875000000004 0.031093749999999996 0.05134375
0 0.507453125 0.3706875 0.026609375 0.070859375
0 0.486703125 0.42214062500000005 0.058750000000000004 0.03103125
0 0.522734375 0.449703125 0.037546875 0.028125
0 0.52371875 0.48290625 0.0320625 0.029406250000000002
0 0.427328125 0.514671875 0.044875 0.07368749999999999
0 0.6873437499999999 0.5564843749999999 0.06346874999999999 0.05546875
0 0.60628125 0.524140625 0.077921875 0.0375625
0 0.65903125 0.5089375 0.04134375 0.043859375
0 0.69371875 0.5155937500000001 0.023578125 0.021390625
0 0.64578125 0.6349218750000001 0.068625 0.06834375000000001
0 0.61275 0.57321875 0.08056250000000001 0.063265625
0 0.568890625 0.61909375 0.0748125 0.044937500000000005
0 0.500140625 0.5240781250000001 0.0709375 0.041109375
0 0.5399375 0.55246875 0.04271875 0.038265625
0 0.48168749999999994 0.562671875 0.063828125 0.03390625
0 0.49126562500000004 0.5933437500000001 0.074953125 0.035640624999999995
0 0.470390625 0.659875 0.105453125 0.09875
0 0.427046875 0.59621875 0.0474375 0.08265625
0 0.399703125 0.631953125 0.035171875000000005 0.129359375
0 0.35228125 0.6591875 0.060750000000000005 0.10470312500000001
0 0.4324375 0.7454531249999999 0.10178125 0.071984375
0 0.404734375 0.8239531250000001 0.09571874999999999 0.09048437499999999
0 0.373609375 0.936375 0.124046875 0.127265625
0 0.345109375 0.7915625000000001 0.05903125 0.163296875