0 0.368296875 0.21195312500000002 0.52853125 0.206828125
0 0.36909375 0.0900625 0.08996875 0.094421875
0 0.487609375 0.037421875 0.061375 0.046578125
0 0.8550156250000001 0.682640625 0.289984375 0.52215625
0 0.7659374999999999 0.389078125 0.106859375 0.0853125
0 0.22673437500000002 0.059703125 0.12454687499999999 0.11940625
0 0.116046875 0.0980625 0.0388125 0.040390625
0 0.103546875 0.20059375 0.074328125 0.071390625
0 0.07225000000000001 0.686203125 0.051796875 0.03671875
0 0.0774375 0.738453125 0.05450000000000001 0.054843750000000004
0 0.12271875000000002 0.682234375 0.031203124999999998 0.04984375
0 0.199375 0.732859375 0.045125 0.0328125
0 0.255109375 0.72590625 0.03525 0.02971875
0 0.205609375 0.6891875 0.088390625 0.0540625
0 0.30121875 0.63996875 0.097109375 0.1486875
0 0.277875 0.5648593749999999 0.0393125 0.03415625
0 0.22618749999999999 0.613875 0.035734375 0.034999999999999996
0 0.22951562499999997 0.56428125 0.04059375 0.066765625
0 0.26896875 0.8602343749999999 0.04334375 0.05421875
0 0.188921875 0.8498749999999999 0.02584375 0.02053125
0 0.529765625 0.729703125 0.36053125 0.395609375
0 0.384421875 0.77178125 0.11056250000000001 0.07825
0 0.33775 0.7969062499999999 0.0366875 0.028015625
0 0.35209375 0.9133749999999999 0.09614062500000001 0.06325
0 0.43659375 0.858296875 0.046390625000000005 0.037375000000000005
0 0.542671875 0.875984375 0.051109375 0.041953125
0 0.546078125 0.9270156249999999 0.06115625 0.050015624999999994
0 0.597203125 0.9561875000000001 0.055359375 0.04071875
0 0.46976562499999996 0.962015625 0.079171875 0.035546875
0 0.766078125 0.9838125 0.096 0.032359375
0 0.8549687499999999 0.970875 0.110296875 0.05675
0 0.9470000000000001 0.945328125 0.047843750000000004 0.046140625000000005
0 0.93346875 0.88846875 0.058062499999999996 0.039375
0 0.1100625 0.485 0.172609375 0.388109375
0 0.8180937500000001 0.29035937500000003 0.363828125 0.21284375
0 0.456125 0.42289062499999996 0.515 0.20984375000000002