0 0.43203125 0.4984375 0.3828125 0.2046875
0 0.262359375 0.6074375 0.040921875 0.0241875
0 0.01640625 0.75 0.03125 0.0140625
0 0.38125 0.33828125 0.04375 0.0265625
0 0.36329687499999996 0.292421875 0.044984375 0.028249999999999997
0 0.36953125 0.11875 0.025 0.0328125
0 0.647234375 0.531578125 0.04146875 0.0175625
0 0.221234375 0.538921875 0.024656249999999998 0.012968750000000001
0 0.61171875 0.57109375 0.028125 0.0109375
0 0.5625 0.59296875 0.015625 0.00625
0 0.41171875 0.384375 0.025 0.0140625
0 0.509375 0.39609375 0.03125 0.0296875
0 0.30460937499999996 0.43128124999999995 0.15040625000000002 0.0731875