0 0.266735112936345 0.2211437908496732 0.0680287474332649 0.09369281045751635
0 0.30303901437371666 0.34387254901960784 0.08993839835728952 0.14916666666666667
0 0.6894045174537988 0.2536764705882353 0.02657084188911704 0.023251633986928106
0 0.2729774127310062 0.611454248366013 0.041211498973305956 0.031764705882352945
0 0.31275154004106775 0.48060457516339866 0.03973305954825462 0.12001633986928105
0 0.34034907597535935 0.5674019607843137 0.07876796714579055 0.050359477124183004
0 0.33092402464065707 0.6249836601307189 0.03837782340862423 0.06375816993464052
0 0.3538193018480493 0.7066993464052288 0.06396303901437371 0.08679738562091503
0 0.4174537987679672 0.7905555555555556 0.08618069815195072 0.07875816993464052
0 0.4642505133470226 0.8869934640522876 0.05722792607802875 0.11947712418300654
0 0.5090143737166324 0.9741666666666667 0.12659137577002053 0.051666666666666666
0 0.7042710472279261 0.2914705882352941 0.024229979466119097 0.021437908496732026
0 0.6019301848049281 0.5229248366013072 0.05117043121149897 0.22503267973856209
0 0.5871252566735113 0.6750816993464052 0.05252566735112936 0.07715686274509803
0 0.6258316221765913 0.748218954248366 0.059917864476386036 0.05517973856209151
0 0.6642094455852157 0.6311601307189543 0.04242299794661191 0.07715686274509803
0 0.5439219712525667 0.8752450980392157 0.104476386036961 0.14359477124183007
0 0.56911704312115 0.759264705882353 0.07160164271047227 0.08952614379084967
0 0.6016427104722792 0.20434640522875816 0.025564681724845995 0.028480392156862745
0 0.49788501026694043 0.3813725490196079 0.062094455852156054 0.08836601307189543
0 0.6772484599589322 0.41683006535947714 0.03361396303901438 0.05
0 0.6597125256673511 0.5616013071895425 0.026303901437371664 0.05929738562091503
0 0.4701232032854209 0.4982352941176471 0.03872689938398357 0.1278921568627451
0 0.4493018480492813 0.6682679738562092 0.02190965092402464 0.07266339869281045
0 0.46318275154004107 0.7266993464052288 0.024845995893223817 0.02906862745098039
0 0.49277207392197125 0.8484967320261437 0.021190965092402463 0.08197712418300654
0 0.5625462012320328 0.25550653594771244 0.020451745379876797 0.029656862745098038
0 0.5307597535934292 0.31393790849673203 0.027022587268993842 0.03720588235294118
0 0.21772073921971252 0.09341503267973857 0.036714579055441475 0.02400326797385621