0 0.802375 0.301765625 0.19637500000000002 0.0356875
0 0.317328125 0.515265625 0.1335625 0.03259375
0 0.329546875 0.550203125 0.1285625 0.029562500000000002
0 0.395328125 0.48157812499999997 0.22703125000000002 0.02521875
0 0.34392187500000004 0.69096875 0.12803124999999999 0.02359375
0 0.482796875 0.71728125 0.05532812499999999 0.08109374999999999
0 0.3121875 0.7895625 0.033640625 0.028203125000000002
0 0.55996875 0.820078125 0.040953125 0.024140625
0 0.54640625 0.8850468749999999 0.031734374999999995 0.02278125
0 0.412609375 0.8408125 0.084171875 0.050937500000000004
0 0.8570156250000001 0.8397343749999999 0.041109375 0.077875
0 0.623484375 0.49365625 0.070203125 0.05795312500000001
0 0.7461562500000001 0.48206249999999995 0.036359375 0.048015625
0 0.748234375 0.3800625 0.10828125 0.025734374999999997
0 0.6243593749999999 0.170390625 0.06215625 0.12457812500000001
0 0.9106562500000001 0.39571875 0.07484375 0.036078125
0 0.722546875 0.88184375 0.09059375 0.07420312500000001
0 0.35162499999999997 0.6214375000000001 0.156859375 0.024453125
0 0.32859375 0.6603749999999999 0.14325000000000002 0.0204375
0 0.860140625 0.24842187500000001 0.058640625 0.022515625
0 0.9327343750000001 0.26170312500000004 0.035890624999999995 0.025500000000000002
0 0.878203125 0.722734375 0.089609375 0.1183125
0 0.3873125 0.09456250000000001 0.276625 0.189140625
0 0.186890625 0.37359375 0.122234375 0.083203125
0 0.442578125 0.313765625 0.192265625 0.16689062500000001
0 0.8910312499999999 0.52065625 0.162 0.16298437500000001
0 0.175671875 0.824171875 0.162 0.20787499999999998
0 0.10345312499999999 0.633375 0.187375 0.078078125
0 0.12784374999999998 0.498703125 0.175671875 0.0936875
0 0.058062499999999996 0.46015625 0.11612499999999999 0.21764062499999998
0 0.10393749999999999 0.222515625 0.176640625 0.035140624999999995
0 0.14296875 0.1800625 0.21178124999999998 0.043921875
0 0.11028125 0.137125 0.12687500000000002 0.0380625
0 0.138578125 0.10735937499999999 0.154203125 0.044890625
0 0.762203125 0.34304687500000003 0.15225 0.036109375
0 0.91884375 0.102953125 0.15907812500000001 0.19615625
0 0.30790625 0.289859375 0.06343750000000001 0.0839375
0 0.5953125 0.356703125 0.091734375 0.0380625
0 0.75878125 0.632890625 0.079046875 0.06734375000000001