0 0.853125 0.928125 0.0984375 0.0703125
0 0.73671875 0.93984375 0.0796875 0.0625
0 0.534375 0.9515625 0.1078125 0.071875
0 0.40625 0.934375 0.0890625 0.06875
0 0.69140625 0.85859375 0.06875 0.059375
0 0.7875 0.8328125 0.13125 0.1171875
0 0.50546875 0.67734375 0.090625 0.071875
0 0.6828125 0.740625 0.1859375 0.1640625
0 0.23203125 0.70234375 0.28125 0.2140625
0 0.26171875 0.584375 0.0671875 0.0484375
0 0.3625 0.609375 0.090625 0.0625
0 0.0515625 0.62265625 0.103125 0.0609375
0 0.13125 0.5609375 0.2171875 0.0953125
0 0.45 0.825 0.3296875 0.1703125