0 0.24066666666666667 0.5831071428571429 0.033846153846153845 0.046642857142857146
0 0.2987435897435898 0.5074285714285715 0.028846153846153848 0.046142857142857145
0 0.3338461538461538 0.5185714285714286 0.030641025641025638 0.04367857142857143
0 0.31761538461538463 0.42728571428571427 0.028846153846153848 0.04467857142857143
0 0.2825384615384615 0.42874999999999996 0.03135897435897436 0.04467857142857143
0 0.28271794871794875 0.34314285714285714 0.03312820512820513 0.04814285714285715
0 0.4674358974358975 0.21685714285714286 0.027794871794871796 0.04067857142857143
0 0.33169230769230773 0.5649642857142857 0.047025641025641024 0.05010714285714286
0 0.37053846153846154 0.3902857142857143 0.04417948717948718 0.05807142857142858
0 0.3678461538461539 0.28089285714285717 0.015307692307692307 0.02382142857142857
0 0.40687179487179487 0.31535714285714284 0.019230769230769232 0.02532142857142857
0 0.3842564102564103 0.33025 0.016743589743589745 0.026285714285714287
0 0.3883333333333333 0.2645 0.01566666666666667 0.02382142857142857
0 0.44053846153846155 0.2635 0.016025641025641024 0.02382142857142857
0 0.5016410256410256 0.2721785714285714 0.029205128205128206 0.037214285714285714
0 0.5262307692307692 0.31039285714285714 0.03135897435897436 0.041178571428571425
0 0.6763846153846155 0.48260714285714285 0.026000000000000002 0.037214285714285714
0 0.6897692307692308 0.45357142857142857 0.017102564102564104 0.02582142857142857
0 0.7243076923076923 0.4682142857142857 0.020666666666666667 0.027285714285714285
0 0.7037179487179487 0.31375 0.019230769230769232 0.024642857142857143
0 0.7344871794871795 0.5994642857142857 0.01717948717948718 0.028214285714285716
0 0.6897435897435897 0.5728571428571428 0.027692307692307693 0.04071428571428572
0 0.6557692307692308 0.5985714285714285 0.01564102564102564 0.02357142857142857
0 0.5324358974358975 0.6808928571428572 0.023846153846153847 0.0475
0 0.6915384615384615 0.7441071428571429 0.016923076923076923 0.028214285714285716
0 0.4758974358974359 0.6925 0.03230769230769231 0.04214285714285715
0 0.4383333333333333 0.7228571428571429 0.038717948717948716 0.03785714285714285
0 0.40166666666666667 0.7637499999999999 0.031025641025641024 0.044642857142857144
0 0.6356410256410256 0.19714285714285715 0.02666666666666667 0.06571428571428571
0 0.6482051282051282 0.24446428571428572 0.026153846153846153 0.04107142857142857
0 0.6721538461538461 0.37296428571428575 0.034076923076923074 0.04210714285714286
0 0.6461538461538462 0.376 0.01730769230769231 0.02757142857142857
0 0.6194871794871795 0.3712142857142857 0.03930769230769231 0.061642857142857145
0 0.44012820512820516 0.5819642857142857 0.03717948717948718 0.046785714285714285
0 0.3294871794871795 0.6635714285714286 0.1076923076923077 0.17142857142857143
0 0.4080769230769231 0.6460714285714286 0.020256410256410257 0.024285714285714285
0 0.3107692307692308 0.4732142857142857 0.02205128205128205 0.03142857142857143
0 0.34371794871794875 0.4903571428571429 0.038717948717948716 0.03071428571428571
0 0.4338461538461538 0.5221428571428571 0.07420512820512822 0.07385714285714286
0 0.4418205128205128 0.44060714285714286 0.08607692307692308 0.13846428571428573
0 0.514 0.46685714285714286 0.05882051282051282 0.11424999999999999
0 0.5598461538461539 0.3641785714285714 0.07682051282051282 0.10039285714285714
0 0.582025641025641 0.4586071428571428 0.08271794871794871 0.10903571428571429
0 0.6492307692307692 0.45225 0.036923076923076927 0.08807142857142858
0 0.6650512820512821 0.6761785714285715 0.041846153846153845 0.04328571428571428
0 0.5841025641025641 0.5990357142857142 0.12002564102564103 0.18646428571428572
0 0.48492307692307696 0.5502142857142858 0.05548717948717949 0.07635714285714286