0 0.9072968749999999 0.72978125 0.015109375 0.01996875
0 0.914671875 0.789578125 0.024125 0.025515624999999997
0 0.9436562500000001 0.6828125 0.022390625 0.02690625
0 0.24496875 0.749734375 0.013546875 0.028984375
0 0.2145 0.79765625 0.02153125 0.056765625
0 0.238515625 0.466109375 0.30821875 0.37153125
0 0.16115625 0.62528125 0.017515625 0.037703125
0 0.138109375 0.6463593750000001 0.015453125000000002 0.053125
0 0.28353125 0.67703125 0.0139375 0.018125
0 0.621453125 0.49929687500000003 0.046875 0.032671875
0 0.6311718749999999 0.5921406250000001 0.040781250000000005 0.085890625
0 0.666390625 0.616046875 0.037484375 0.045828125
0 0.558734375 0.44725000000000004 0.102375 0.09109375
0 0.558296875 0.539640625 0.11192187499999999 0.10410937499999999
0 0.361734375 0.2486875 0.093453125 0.078375
0 0.447640625 0.45065625000000004 0.10400000000000001 0.26075
0 0.44914062499999996 0.6416875 0.08440625 0.070078125
0 0.676734375 0.520734375 0.05275 0.036171875
0 0.545609375 0.342515625 0.030140624999999997 0.056515625
0 0.8255625 0.683515625 0.068578125 0.048234375
0 0.7283593749999999 0.68125 0.04596875 0.054265625
0 0.49059375000000005 0.30671875000000004 0.034671875000000005 0.129625