0 0.20203333333333334 0.31302222222222226 0.11223333333333334 0.040266666666666666
0 0.3076 0.2501333333333333 0.0978 0.040622222222222226
0 0.7333333333333333 0.9400222222222222 0.18539999999999998 0.10955555555555554
0 0.36806666666666665 0.8352888888888889 0.24093333333333333 0.094
0 0.4749 0.6582444444444444 0.3753 0.2482888888888889
0 0.35363333333333336 0.7253777777777778 0.11656666666666667 0.06364444444444445
0 0.6906 0.6513555555555556 0.09103333333333333 0.0444
0 0.4154 0.3856666666666667 0.1449 0.06388888888888888
0 0.5625 0.8633333333333333 0.097 0.050666666666666665
0 0.13063333333333332 0.6702666666666667 0.26126666666666665 0.28004444444444443
0 0.19343333333333335 0.524 0.16456666666666667 0.07024444444444444
0 0.025966666666666666 0.4802 0.05196666666666667 0.032711111111111114
0 0.8184666666666667 0.7953777777777779 0.3147 0.1761111111111111
0 0.9137333333333334 0.9094222222222222 0.08373333333333334 0.042333333333333334
0 0.9669666666666665 0.6644888888888888 0.06603333333333333 0.04908888888888889
0 0.4215 0.3204666666666667 0.09526666666666667 0.032711111111111114
0 0.5081 0.3421111111111111 0.08083333333333333 0.033688888888888886
0 0.6228666666666667 0.3565555555555555 0.15446666666666667 0.04137777777777778
0 0.7030000000000001 0.41428888888888893 0.16166666666666665 0.0664
0 0.5745333333333333 0.3045777777777778 0.17323333333333332 0.043311111111111106
0 0.4684333333333333 0.21988888888888888 0.13136666666666666 0.06062222222222222
0 0.5983333333333334 0.21604444444444446 0.1227 0.04137777777777778
0 0.6538999999999999 0.27426666666666666 0.1761 0.07313333333333333
0 0.8257 0.3118 0.1559 0.061599999999999995
0 0.8834333333333333 0.20786666666666667 0.08950000000000001 0.05004444444444445
0 0.9693333333333334 0.17417777777777776 0.0563 0.032711111111111114
0 0.236 0.2117111111111111 0.0592 0.025022222222222223
0 0.4648 0.7790222222222223 0.0693 0.03946666666666667