0 0.335609375 0.8083281250000001 0.07715625000000001 0.07815625000000001
0 0.34571874999999996 0.44025 0.07484375 0.099015625
0 0.360953125 0.534296875 0.0589375 0.069203125
0 0.8766875000000001 0.752984375 0.10500000000000001 0.14815625
0 0.71271875 0.5616875 0.15965625 0.133765625
0 0.6503281249999999 0.78421875 0.083890625 0.100484375
0 0.5402812499999999 0.389796875 0.131234375 0.25890625
0 0.29034375 0.489921875 0.07709375 0.050749999999999997
0 0.40012499999999995 0.469421875 0.025374999999999998 0.060515624999999997
0 0.773421875 0.754890625 0.057578125 0.13565624999999998
0 0.7070624999999999 0.450390625 0.061484375 0.079046875