0 0.211484375 0.250515625 0.10598437499999999 0.072265625
0 0.260859375 0.20835937499999999 0.029390624999999997 0.01975
0 0.08815625 0.173671875 0.04528125 0.023609375
0 0.13296875 0.260390625 0.06840625 0.021671875
0 0.10406249999999999 0.30470312499999996 0.0674375 0.042875
0 0.035890624999999995 0.308078125 0.062140625000000005 0.04384375
0 0.050109375 0.2654375 0.0925 0.0414375
0 0.01903125 0.23148437500000002 0.028421875000000003 0.016859375
0 0.43453125000000004 0.246171875 0.0674375 0.02890625
0 0.393109375 0.2575 0.04721875 0.014937500000000001
0 0.648921875 0.451390625 0.07996875 0.042390625
0 0.6811875 0.287359375 0.2591875 0.13248437500000002
0 0.8765468750000001 0.333609375 0.130546875 0.06696875