0 0.74375 0.36171875 0.2203125 0.1296875
0 0.26432812499999997 0.5406875 0.364609375 0.23581249999999998
0 0.38220312500000003 0.33337500000000003 0.044953125 0.044203124999999996
0 0.44765625 0.22421875 0.0234375 0.0265625
0 0.6578125 0.28671875 0.0328125 0.0234375
0 0.665625 0.33671875 0.053125 0.0234375
0 0.60625 0.43125 0.1203125 0.0484375
0 0.6078125 0.3671875 0.1078125 0.015625
0 0.18359375 0.16796875 0.084375 0.0890625
0 0.06953125 0.0921875 0.0109375 0.0125
0 0.4109375 0.378515625 0.287203125 0.089546875
0 0.44368749999999996 0.313859375 0.017328125 0.02015625
0 0.69978125 0.447859375 0.042625 0.023296875
0 0.62165625 0.34128125 0.01471875 0.017906250000000002
0 0.163765625 0.2666875 0.0686875 0.037671875
0 0.295953125 0.296609375 0.091171875 0.08584375
0 0.5124531250000001 0.505265625 0.13574999999999998 0.147140625
0 0.582609375 0.33765625 0.02709375 0.024953125