0 0.028453125000000003 0.07028124999999999 0.056906250000000005 0.11862500000000001
0 0.12684375 0.0325625 0.060343749999999995 0.065140625
0 0.06171875 0.347984375 0.027421875000000002 0.039078125000000005
0 0.10970312499999998 0.358953125 0.031546875 0.0445625
0 0.134046875 0.7689843749999999 0.11451562500000001 0.1625
0 0.073375 0.864296875 0.098734375 0.11725000000000001
0 0.168671875 0.914015625 0.08090625 0.042515625
0 0.24409375 0.923265625 0.065828125 0.06787499999999999
0 0.099421875 0.9678281249999999 0.043890625 0.054171875
0 0.005828125 0.9551562499999999 0.01165625 0.043890625
0 0.22764062499999999 0.2225 0.06171875 0.0473125
0 0.12787500000000002 0.25129687500000003 0.12410937500000001 0.12
0 0.19028125 0.385015625 0.066515625 0.08021875
0 0.136109375 0.5523125 0.240671875 0.25575000000000003
0 0.02365625 0.6891093749999999 0.0473125 0.1865
0 0.10490625 0.675734375 0.019203124999999998 0.024
0 0.498828125 0.22970312499999998 0.10628125 0.15359375
0 0.46865625 0.30340625 0.073375 0.0473125
0 0.49609375 0.385015625 0.029484375 0.043203124999999995
0 0.47620312499999995 0.493 0.028109375 0.03565625
0 0.29140625 0.38740625 0.10834375 0.17415624999999998
0 0.31540625 0.254046875 0.078171875 0.0925625
0 0.3030625 0.034625 0.1179375 0.06787499999999999
0 0.35278125 0.09668750000000001 0.08021875 0.133015625
0 0.45014062499999996 0.04971875 0.15565625 0.09668750000000001
0 0.3976875 0.16215625 0.053484374999999994 0.08707812499999999
0 0.349359375 0.758015625 0.16525 0.24478125
0 0.335984375 0.589 0.074046875 0.09325
0 0.39460937500000004 0.560546875 0.088453125 0.11451562500000001
0 0.41140625000000003 0.45082812499999997 0.094625 0.10628125
0 0.46557812500000006 0.631859375 0.060343749999999995 0.137828125
0 0.5989375 0.594828125 0.08296875000000001 0.11587499999999999
0 0.696640625 0.638015625 0.08365625 0.11176562500000001
0 0.719359375 0.309984375 0.277203125 0.581375
0 0.600046875 0.45875000000000005 0.0283125 0.038656249999999996
0 0.576640625 0.50203125 0.022875 0.031578125
0 0.66703125 0.74271875 0.098015625 0.095828125
0 0.5627500000000001 0.8080468749999999 0.1965625 0.22542187500000002
0 0.37334375 0.9200312500000001 0.05209375000000001 0.040515625
0 0.7885 0.923828125 0.22381250000000003 0.15232812499999998
0 0.6087343749999999 0.938625 0.165296875 0.12275
0 0.92834375 0.684640625 0.143328125 0.20903125
0 0.96246875 0.5100156250000001 0.072671875 0.15821875000000002
0 0.8708281250000001 0.41771874999999997 0.099046875 0.102265625
0 0.8589218750000001 0.12348437500000001 0.0199375 0.027015624999999998
0 0.8515312500000001 0.337328125 0.01415625 0.023796875000000002
0 0.840921875 0.30034375 0.02121875 0.028296875
0 0.562421875 0.019640625000000002 0.040234375 0.037359375
0 0.36720312499999996 0.21246874999999998 0.0301875 0.046468749999999996