0 0.44858803986710966 0.9070751633986928 0.05 0.048594771241830065
0 0.5332225913621262 0.5004575163398692 0.05647840531561462 0.050277777777777775
0 0.47569767441860467 0.26040849673202615 0.11252491694352158 0.11689542483660131
0 0.5571262458471761 0.4364542483660131 0.04225913621262459 0.04537581699346405
0 0.5825083056478405 0.37931372549019604 0.027458471760797343 0.05374183006535948
0 0.6412790697674419 0.445343137254902 0.05259136212624585 0.04119281045751634
0 0.7873754152823921 0.4624183006535948 0.019933554817275746 0.016339869281045753
0 0.8805315614617941 0.184640522875817 0.0229734219269103 0.029411764705882353
0 0.2823920265780731 0.5571895424836601 0.016611295681063124 0.016339869281045753
0 0.3430232558139535 0.5735294117647058 0.02823920265780731 0.027777777777777776
0 0.3538205980066445 0.7549019607843137 0.016611295681063124 0.014705882352941176
0 0.5175249169435217 0.9224509803921568 0.016046511627906976 0.014591503267973855
0 0.5488372093023255 0.9040359477124182 0.02192691029900332 0.018725490196078432
0 0.6329568106312292 0.9023202614379086 0.02313953488372093 0.023790849673202615
0 0.5803986710963455 0.9134640522875817 0.03189368770764119 0.04727124183006536
0 0.4366445182724253 0.9701307189542484 0.02642857142857143 0.03805555555555555
0 0.45514950166112955 0.8668300653594772 0.019933554817275746 0.021241830065359478
0 0.26411960132890366 0.663218954248366 0.03543189368770764 0.03339869281045752
0 0.23435215946843857 0.5808823529411765 0.0301827242524917 0.027777777777777776
0 0.33222591362126247 0.29820261437908496 0.03322259136212625 0.029411764705882353
0 0.4159800664451827 0.1715359477124183 0.0306312292358804 0.036192810457516336
0 0.40943521594684384 0.28875816993464054 0.027458471760797343 0.03415032679738562
0 0.4199335548172758 0.3499183006535948 0.0339202657807309 0.05004901960784314
0 0.47968438538205976 0.36024509803921567 0.09205980066445182 0.08181372549019608
0 0.2708970099667774 0.3770424836601307 0.08549833887043189 0.060898692810457525
0 0.29872093023255814 0.4372222222222222 0.07260797342192692 0.05800653594771242
0 0.37961794019933554 0.5120751633986927 0.16659468438538208 0.10259803921568628
0 0.4282724252491694 0.6052614379084967 0.05970099667774086 0.0815686274509804
0 0.48594684385382064 0.659264705882353 0.10282392026578073 0.06851307189542484
0 0.4505315614617941 0.7522712418300653 0.047707641196013284 0.08699346405228758
0 0.4312292358803987 0.8102614379084967 0.06745847176079735 0.03138888888888889
0 0.43244186046511623 0.4395751633986928 0.035249169435215943 0.03916666666666666