0 0.388296875 0.8190156249999999 0.032296875 0.02975
0 0.41546874999999994 0.8307499999999999 0.022671875 0.020203125
0 0.46001562500000004 0.8132343750000001 0.025500000000000002 0.020953125
0 0.509015625 0.8637499999999999 0.029328125 0.037703125
0 0.530078125 0.89234375 0.034890624999999995 0.0555625
0 0.49979687500000003 0.8974062500000001 0.0204375 0.0235625
0 0.424265625 0.799015625 0.018 0.015578125000000002
0 0.51840625 0.82640625 0.051296875 0.029390624999999997
0 0.54834375 0.84528125 0.025703125 0.017484375
0 0.5801406250000001 0.844 0.0296875 0.041921875
0 0.606265625 0.868359375 0.0350625 0.033437499999999995
0 0.61665625 0.839046875 0.029187499999999998 0.034421875000000005
0 0.563546875 0.917078125 0.01915625 0.016015625
0 0.661328125 0.9002343749999999 0.025953125 0.044328125
0 0.660609375 0.8510312499999999 0.042796875 0.040890625
0 0.7118125 0.837875 0.030328125 0.030890624999999998
0 0.370078125 0.5817187500000001 0.060578125000000003 0.1615625
0 0.47595312500000003 0.6315625 0.202734375 0.11596875
0 0.583 0.710578125 0.085765625 0.12267187500000001
0 0.6713281249999999 0.594859375 0.053109375 0.040484375
0 0.62971875 0.56953125 0.013078125 0.01403125
0 0.6193906250000001 0.5877656250000001 0.0165625 0.01871875
0 0.63865625 0.595515625 0.01159375 0.01834375
0 0.43115625 0.47096875000000005 0.053968749999999996 0.08934375
0 0.37915625 0.46060937500000004 0.058421875 0.07976562499999999