0 0.35475 0.298640625 0.0233125 0.055109375
0 0.9613125 0.896734375 0.077375 0.20651562499999998
0 0.545296875 0.763859375 0.08832812500000001 0.10900000000000001
0 0.47725 0.795625 0.07415625 0.092625
0 0.459046875 0.8412499999999999 0.06340625 0.076796875
0 0.558953125 0.85878125 0.13639062500000002 0.10584374999999999
0 0.42040625 0.5997343749999999 0.0365 0.05821875
0 0.4091875 0.6611875 0.055671875 0.06353125
0 0.47837500000000005 0.633203125 0.086984375 0.11009374999999999
0 0.3743125 0.7915625000000001 0.04625 0.049812499999999996
0 0.8625468749999999 0.9257031250000001 0.110390625 0.058734375000000005