0 0.41803063457330414 0.036127450980392155 0.011159737417943107 0.00926470588235294
0 0.5594310722100656 0.03496732026143791 0.023566739606126912 0.01898692810457516
0 0.5814660831509847 0.03426470588235294 0.013019693654266959 0.012973856209150328
0 0.5522975929978118 0.12640522875816992 0.02514223194748359 0.022892156862745098
0 0.6352297592997812 0.19256535947712417 0.17369803063457329 0.15952614379084967
0 0.5560175054704595 0.10119281045751634 0.017986870897155362 0.01343137254901961
0 0.5842450765864332 0.10281045751633987 0.009934354485776805 0.011111111111111112
0 0.6028446389496718 0.11787581699346406 0.011159737417943107 0.007875816993464053
0 0.3436105032822757 0.22161764705882353 0.01487964989059081 0.01343137254901961
0 0.34514223194748356 0.2531045751633987 0.013019693654266959 0.01065359477124183
0 0.3405032822757112 0.24222222222222223 0.01487964989059081 0.007418300653594771
0 0.33150984682713347 0.2774183006535948 0.025426695842450765 0.016666666666666666
0 0.4000437636761488 0.3262745098039216 0.01737417943107221 0.011584967320261437
0 0.3674835886214442 0.17437908496732027 0.027899343544857767 0.020833333333333332
0 0.5476586433260394 0.25426470588235295 0.01487964989059081 0.01019607843137255
0 0.5529321663019694 0.2176797385620915 0.014266958424507658 0.01019607843137255
0 0.582691466083151 0.2359640522875817 0.014266958424507658 0.01343137254901961
0 0.5978993435448577 0.2750980392156863 0.008687089715536105 0.01019607843137255
0 0.42472647702407 0.3250326797385621 0.01689277899343545 0.010718954248366013
0 0.4760175054704595 0.2931699346405229 0.011794310722100656 0.012042483660130719
0 0.5057986870897155 0.2982679738562091 0.017986870897155362 0.011111111111111112
0 0.6974398249452954 0.3193300653594771 0.011794310722100656 0.007875816993464053
0 0.7194529540481401 0.2940849673202614 0.01737417943107221 0.014820261437908497
0 0.4631509846827133 0.3324183006535948 0.03312910284463895 0.016405228758169934
0 0.32126914660831507 0.3309150326797386 0.011159737417943107 0.009722222222222222
0 0.6912253829321663 0.1292156862745098 0.024179431072210066 0.014820261437908497
0 0.7417724288840263 0.11926470588235294 0.01612691466083151 0.009722222222222222
0 0.7331072210065644 0.07364379084967321 0.013654266958424508 0.01019607843137255
0 0.6712910284463894 0.09457516339869282 0.01689277899343545 0.008823529411764706
0 0.6946389496717724 0.09240196078431372 0.007439824945295405 0.006944444444444444
0 0.4378774617067834 0.06066993464052288 0.011159737417943107 0.008333333333333333
0 0.3442231947483589 0.052794117647058825 0.009934354485776805 0.011111111111111112
0 0.7399124726477023 0.23990196078431372 0.008687089715536105 0.00926470588235294
0 0.6828665207877461 0.2839052287581699 0.01487964989059081 0.012042483660130719
0 0.6395404814004376 0.2969281045751634 0.05724288840262582 0.046209150326797385
0 0.6142669584245077 0.3322058823529412 0.10514223194748358 0.056160130718954246
0 0.65 0.3126143790849673 0.008687089715536105 0.00926470588235294
0 0.6084245076586433 0.30890522875816995 0.012407002188183807 0.00926470588235294
0 0.5428665207877462 0.3313725490196079 0.012778993435448577 0.018055555555555557
0 0.4928227571115974 0.11163398692810457 0.015579868708971554 0.008366013071895426
0 0.49431072210065646 0.10026143790849673 0.01487964989059081 0.0125
0 0.4744638949671773 0.09008169934640524 0.011159737417943107 0.011584967320261437
0 0.7734573304157549 0.36413398692810456 0.013501094091903719 0.008202614379084967
0 0.7937199124726477 0.36254901960784314 0.01013129102844639 0.010081699346405229
0 0.5903063457330415 0.4820424836601307 0.0625601750547046 0.09640522875816994
0 0.5644638949671772 0.4110947712418301 0.016039387308533916 0.013872549019607843
0 0.6294748358862144 0.4404248366013072 0.01098468271334792 0.006928104575163399
0 0.642144420131291 0.43411764705882355 0.01435448577680525 0.011977124183006536
0 0.6607221006564551 0.43978758169934634 0.01098468271334792 0.011977124183006536
0 0.7012472647702408 0.44011437908496737 0.012669584245076587 0.016388888888888887
0 0.642144420131291 0.0769281045751634 0.022800875273522977 0.013872549019607843
0 0.5256236323851203 0.11357843137254903 0.02575492341356674 0.021977124183006534
0 0.5285776805251641 0.09616013071895425 0.018577680525164113 0.005669934640522876
0 0.46989059080962803 0.05926470588235295 0.02785557986870897 0.015130718954248366
0 0.5087308533916849 0.052957516339869275 0.04137855579868709 0.02900326797385621
0 0.7042013129102844 0.11191176470588235 0.01013129102844639 0.00946078431372549
0 0.6890153172866521 0.06998366013071895 0.030393873085339168 0.03656862745098039
0 0.5583150984682713 0.3352941176470588 0.009409190371991246 0.010784313725490196
0 0.49065645514223194 0.13763071895424836 0.030656455142231948 0.016944444444444443
0 0.5256236323851203 0.15709150326797386 0.04660831509846827 0.03663398692810458
0 0.4888183807439825 0.07717320261437909 0.044157549234135667 0.023349673202614378
0 0.6428665207877462 0.4723529411764706 0.04925601750547046 0.016405228758169934
0 0.615929978118162 0.39656862745098037 0.060568927789934356 0.07254901960784313
0 0.6032822757111597 0.5685130718954249 0.04192560175054705 0.01988562091503268
0 0.5510284463894967 0.561062091503268 0.09715536105032822 0.06062091503267974
0 0.3255142231947483 0.5161601307189543 0.04509846827133479 0.020212418300653595
0 0.32010940919037195 0.5702450980392157 0.02396061269146608 0.04820261437908497
0 0.3320787746170678 0.644297385620915 0.030612691466083152 0.08299019607843137
0 0.39463894967177243 0.669640522875817 0.11446389496717725 0.08299019607843137
0 0.3091247264770241 0.7600816993464052 0.08319474835886215 0.051192810457516336
0 0.3177680525164114 0.7248039215686274 0.052582056892779 0.03031045751633987
0 0.33374179431072215 0.7799673202614379 0.05389496717724289 0.023349673202614378
0 0.46118161925601747 0.8276633986928104 0.2063019693654267 0.231078431372549
0 0.5051203501094091 0.6542320261437908 0.13177242888402627 0.12573529411764706
0 0.4069584245076586 0.5451470588235294 0.02063457330415755 0.017892156862745097
0 0.3687964989059081 0.5906045751633987 0.029474835886214443 0.0330718954248366
0 0.31433260393873086 0.43416666666666665 0.019015317286652077 0.013741830065359477
0 0.39927789934354485 0.6038562091503268 0.018402625820568928 0.022434640522875818
0 0.4109190371991247 0.620343137254902 0.01227571115973742 0.008709150326797387
0 0.7163676148796498 0.4465359477124183 0.015951859956236325 0.011911764705882353
0 0.3195404814004376 0.3794444444444444 0.02085339168490153 0.01053921568627451