0 0.30325 0.312 0.17935937500000002 0.1535
0 0.246875 0.2171875 0.0421875 0.040625
0 0.09609375 0.503125 0.0328125 0.0296875
0 0.012656249999999999 0.78259375 0.025312499999999998 0.026984374999999998
0 0.17265625 0.81875 0.0328125 0.03125
0 0.27154687499999997 0.705765625 0.08759375 0.0600625
0 0.25546875 0.72734375 0.01875 0.03125
0 0.2765625 0.784375 0.0203125 0.0171875
0 0.346875 0.7359375 0.0234375 0.03125
0 0.3828125 0.68671875 0.01875 0.028125
0 0.15975 0.6974218750000001 0.161 0.09176562499999999
0 0.44506249999999997 0.5939687499999999 0.127640625 0.1701875
0 0.31242187499999996 0.62275 0.14265624999999998 0.10595312500000001
0 0.324515625 0.540171875 0.168515625 0.09928125
0 0.10093749999999999 0.6394375 0.20189062500000002 0.171015625
0 0.307421875 0.46425 0.38125 0.176015625