0 0.015671875 0.79921875 0.03134375 0.084375
0 0.614171875 0.202546875 0.009375 0.034375
0 0.504328125 0.24132812499999998 0.0140625 0.028125
0 0.5475156250000001 0.20020312499999998 0.05 0.0296875
0 0.757375 0.192359375 0.015625 0.021875
0 0.5780624999999999 0.3314375 0.040140625 0.042640625
0 0.491703125 0.34203125 0.024921875 0.027671875000000002
0 0.45465625000000004 0.514578125 0.030859375 0.0396875
0 0.49009375000000005 0.51859375 0.027859375 0.0398125
0 0.535203125 0.4225625 0.06803125 0.0338125
0 0.169609375 0.492125 0.07015625 0.041249999999999995
0 0.380140625 0.4961875 0.025750000000000002 0.05065625
0 0.20968749999999997 0.65515625 0.3698125 0.23303124999999997
0 0.20232812500000003 0.536328125 0.05209375000000001 0.04940625
0 0.287625 0.566859375 0.09871875 0.026765624999999998
0 0.36140625000000004 0.346625 0.19753125 0.157359375
0 0.160453125 0.318765625 0.23084375000000001 0.30715625
0 0.025640625 0.370875 0.051265625 0.18571875
0 0.07225000000000001 0.50884375 0.14450000000000002 0.100390625
0 0.3666875 0.540546875 0.01740625 0.030296875