0 0.09084375 0.24676562500000002 0.1816875 0.23148437500000002
0 0.11651562499999998 0.5143125000000001 0.23303124999999997 0.1964375
0 0.4671875 0.24946875 0.370109375 0.240421875
0 0.395328125 0.435609375 0.17059375000000002 0.175203125
0 0.570984375 0.474125 0.1736875 0.232140625
0 0.744125 0.5485 0.16504687499999998 0.25365625
0 0.9167343750000001 0.637390625 0.16653125 0.313140625
0 0.7385312500000001 0.257140625 0.142734375 0.2669375
0 0.9112656250000001 0.3043125 0.148890625 0.256359375
0 0.73546875 0.756390625 0.14328125 0.167234375
0 0.5842343750000001 0.6548125 0.144390625 0.14709375
0 0.427828125 0.5526718749999999 0.09721874999999999 0.072265625
0 0.910984375 0.829640625 0.132703125 0.090515625