0 0.837296875 0.69778125 0.23757812500000003 0.11473437500000001
0 0.569984375 0.688296875 0.292234375 0.234171875
0 0.594953125 0.27753125 0.374375 0.47512499999999996
0 0.536078125 0.03634375 0.083796875 0.072671875
0 0.068515625 0.24357812499999998 0.13703125 0.076875
0 0.181984375 0.569125 0.195828125 0.15431250000000002
0 0.226203125 0.38410937500000003 0.25359375 0.1838125
0 0.0473125 0.4064375 0.094625 0.17265625
0 0.35025 0.586859375 0.131765625 0.160734375
0 0.1586875 0.16599999999999998 0.0879375 0.086890625
0 0.30434375 0.1534375 0.03103125 0.0729375
0 0.057343750000000006 0.524734375 0.0720625 0.058875