0 0.8341984732824428 0.16734375 0.04755725190839695 0.04588541666666667
0 0.7907251908396946 0.2165625 0.05083969465648855 0.03244791666666667
0 0.7849999999999999 0.19307291666666668 0.04919847328244275 0.03692708333333333
0 0.7300381679389313 0.21713541666666666 0.055763358778625954 0.038072916666666665
0 0.7460305343511451 0.2384375 0.033625954198473286 0.03359375
0 0.8777480916030534 0.38614583333333335 0.2445419847328244 0.14328125
0 0.6910687022900763 0.49979166666666663 0.29774809160305343 0.12645833333333334
0 0.4363740458015267 0.47848958333333336 0.07874045801526718 0.11755208333333333
0 0.4786259541984733 0.5467708333333333 0.14190839694656487 0.1309375
0 0.5803435114503818 0.6284895833333334 0.12385496183206109 0.144375
0 0.7082824427480916 0.6486458333333334 0.14847328244274807 0.09739583333333333
0 0.8592366412213741 0.7635937500000001 0.19603053435114504 0.17286458333333332
0 0.9400381679389312 0.8713020833333333 0.055763358778625954 0.06265625
0 0.5824045801526717 0.76609375 0.04103053435114504 0.09177083333333334
0 0.8743893129770992 0.5294270833333333 0.04755725190839695 0.04255208333333333
0 0.8743893129770992 0.4835416666666667 0.03774809160305344 0.04255208333333333
0 0.8169847328244275 0.6111458333333334 0.05083969465648855 0.038072916666666665
0 0.8793129770992366 0.5904166666666667 0.024618320610687024 0.0346875
0 0.9613358778625954 0.59265625 0.03938931297709924 0.02796875
0 0.9773282442748091 0.6492187500000001 0.038549618320610685 0.03359375
0 0.9063740458015267 0.6441666666666667 0.055763358778625954 0.0346875