0 0.43984375 0.28359375 0.078125 0.065625
0 0.3921875 0.128125 0.190625 0.25625
0 0.2614375 0.317921875 0.041953125 0.046984375
0 0.5138125 0.22284375 0.035921875 0.033390625
0 0.533484375 0.18359375 0.0328125 0.0328125
0 0.59509375 0.16384375 0.034375 0.0328125
0 0.754578125 0.105578125 0.034375 0.034375
0 0.546875 0.03159375 0.0328125 0.021875
0 0.494078125 0.094421875 0.0234375 0.0203125
0 0.565734375 0.1276875 0.0234375 0.01875
0 0.548109375 0.29721875 0.0328125 0.025
0 0.31584375 0.33404687499999997 0.015625 0.0171875
0 0.1650625 0.375 0.0265625 0.03125
0 0.21182812499999998 0.45099999999999996 0.021875 0.0203125
0 0.425109375 0.56484375 0.021875 0.021875
0 0.2984375 0.24453125 0.034375 0.0453125
0 0.209375 0.21640625 0.0234375 0.0203125
0 0.25078125 0.13203125 0.015625 0.0171875
0 0.35915625 0.7224375000000001 0.025 0.034375
0 0.648546875 0.6306875 0.0296875 0.03125
0 0.768640625 0.419640625 0.0265625 0.0234375
0 0.77009375 0.450109375 0.0234375 0.015625
0 0.878015625 0.464171875 0.028125 0.021875
0 0.51640625 0.90234375 0.009375 0.0109375
0 0.48884375 0.8610468750000001 0.021875 0.021875