0 0.013824289405684753 0.10692857142857143 0.01974160206718346 0.027285714285714285
0 0.04488372093023256 0.12803571428571428 0.01868217054263566 0.026785714285714284
0 0.10304909560723514 0.11139285714285714 0.02801033591731266 0.03621428571428572
0 0.08635658914728683 0.1292857142857143 0.02191214470284238 0.039214285714285715
0 0.08527131782945736 0.07517857142857143 0.01614987080103359 0.02132142857142857
0 0.15276485788113695 0.14910714285714285 0.020465116279069766 0.030285714285714287
0 0.22242894056847545 0.11164285714285715 0.033385012919896644 0.04764285714285714
0 0.18545219638242894 0.10446428571428572 0.014728682170542635 0.018357142857142857
0 0.12710594315245477 0.19253571428571428 0.015090439276485788 0.016857142857142855
0 0.06302325581395349 0.3012142857142857 0.01901808785529716 0.02282142857142857
0 0.09695090439276487 0.32925 0.015090439276485788 0.022321428571428572
0 0.2827390180878553 0.30542857142857144 0.03914728682170543 0.065
0 0.35671834625323 0.2404285714285714 0.03697674418604651 0.041178571428571425
0 0.34594315245478036 0.2 0.02118863049095607 0.02382142857142857
0 0.2814987080103359 0.2061785714285714 0.02801033591731266 0.03621428571428572
0 0.23571059431524546 0.2005 0.02191214470284238 0.029785714285714287
0 0.41271317829457366 0.331 0.03770025839793282 0.05160714285714285
0 0.4389405684754522 0.3994642857142857 0.04343669250645994 0.06353571428571428
0 0.3710594315245478 0.3868214285714286 0.09586563307493541 0.1325
0 0.4113953488372093 0.2616785714285714 0.04441860465116279 0.06892857142857144
0 0.5625581395348838 0.3343928571428571 0.029612403100775196 0.04307142857142857
0 0.43478036175710594 0.49028571428571427 0.09661498708010335 0.10392857142857144
0 0.38919896640826873 0.5433214285714285 0.06077519379844961 0.07860714285714286
0 0.4450904392764858 0.5742857142857143 0.04790697674418604 0.06732142857142857
0 0.3973643410852713 0.6170714285714286 0.08103359173126615 0.08507142857142858
0 0.6050129198966407 0.3489285714285714 0.05219638242894057 0.04953571428571428
0 0.6704651162790698 0.37882142857142853 0.07322997416020671 0.12114285714285715
0 0.7045736434108527 0.46578571428571425 0.03467700258397933 0.06353571428571428
0 0.7084496124031008 0.5355 0.05180878552971577 0.07053571428571428
0 0.7080620155038759 0.5933928571428572 0.027648578811369506 0.038785714285714284
0 0.7004651162790697 0.6658214285714286 0.08180878552971577 0.1125357142857143
0 0.7682687338501292 0.6792857142857143 0.042067183462532305 0.029607142857142853
0 0.792609819121447 0.0907142857142857 0.08842377260981912 0.12439285714285714
0 0.542687338501292 0.7624642857142857 0.06935400516795866 0.11092857142857142
0 0.46320413436692504 0.7191071428571428 0.1028423772609819 0.21378571428571427
0 0.48328165374677 0.5565 0.022997416020671835 0.035
0 0.34379844961240313 0.511 0.026873385012919897 0.060321428571428574
0 0.3081653746770026 0.5363214285714285 0.018708010335917312 0.025857142857142856
0 0.3531524547803617 0.47332142857142856 0.01674418604651163 0.028
0 0.21134366925064602 0.3491785714285714 0.01441860465116279 0.024214285714285716
0 0.23180878552971573 0.35432142857142856 0.014806201550387598 0.025857142857142856
0 0.17180878552971576 0.31635714285714284 0.019483204134366924 0.027464285714285715
0 0.4871834625322997 0.3158214285714286 0.11726098191214471 0.13085714285714287
0 0.5319896640826873 0.4703571428571428 0.12271317829457365 0.17607142857142857