0 0.2953667953667954 0.4587628865979381 0.05019305019305019 0.07216494845360824
0 0.13764478764478763 0.4380412371134021 0.21621621621621623 0.17010309278350516
0 0.2799227799227799 0.2912371134020619 0.02702702702702703 0.03608247422680412
0 0.2335907335907336 0.5567010309278351 0.02702702702702703 0.030927835051546393
0 0.23552123552123552 0.6134020618556701 0.03088803088803089 0.030927835051546393
0 0.22972972972972974 0.7628865979381443 0.02702702702702703 0.030927835051546393
0 0.23938223938223938 0.9304123711340206 0.023166023166023165 0.03608247422680412
0 0.07915057915057915 0.9407216494845361 0.03474903474903475 0.05670103092783505
0 0.017374517374517374 0.8814432989690721 0.02702702702702703 0.030927835051546393
0 0.08687258687258688 0.7757731958762887 0.019305019305019305 0.020618556701030927
0 0.009652509652509652 0.5902061855670103 0.019305019305019305 0.02577319587628866
0 0.005791505791505791 0.6726804123711341 0.011583011583011582 0.020618556701030927
0 0.10810810810810811 0.6030927835051546 0.015444015444015444 0.030927835051546393
0 0.14671814671814673 0.5463917525773195 0.015444015444015444 0.020618556701030927
0 0.1969111969111969 0.5979381443298969 0.015444015444015444 0.020618556701030927
0 0.33783783783783783 0.5412371134020618 0.019305019305019305 0.030927835051546393
0 0.29922779922779924 0.19329896907216496 0.02702702702702703 0.02577319587628866
0 0.3783783783783784 0.21649484536082475 0.015444015444015444 0.020618556701030927
0 0.5347490347490348 0.3711340206185567 0.019305019305019305 0.020618556701030927
0 0.222007722007722 0.3427835051546392 0.04247104247104247 0.02577319587628866
0 0.6525096525096525 0.27835051546391754 0.03088803088803089 0.020618556701030927
0 0.6505791505791506 0.5489690721649485 0.02702702702702703 0.02577319587628866