0 0.231109375 0.9536093749999999 0.10584374999999999 0.09278125000000001
0 0.176 0.9100781250000001 0.020828125 0.019640625000000002
0 0.154796875 0.90253125 0.027765625 0.023125
0 0.114015625 0.937859375 0.022640625 0.027968749999999997
0 0.136078125 0.953734375 0.0203125 0.01559375
0 0.10700000000000001 0.8091250000000001 0.036671875 0.033734375
0 0.192890625 0.79184375 0.03446875 0.02084375
0 0.322546875 0.535765625 0.070484375 0.047031250000000004
0 0.39473437499999997 0.554953125 0.0356875 0.0376875
0 0.46878125 0.674453125 0.060015624999999996 0.035640624999999995
0 0.299984375 0.696125 0.1615625 0.090609375
0 0.290328125 0.3275625 0.21226562499999999 0.0959375
0 0.240453125 0.373734375 0.152484375 0.11481250000000001
0 0.17834375 0.26623437499999997 0.03984375 0.0364375
0 0.40151562500000004 0.4175625 0.14460937499999998 0.0465
0 0.391359375 0.383 0.058562499999999997 0.04309375
0 0.8418906249999999 0.08562499999999999 0.182359375 0.1275625
0 0.809734375 0.17484375000000002 0.074015625 0.053453125000000004
0 0.537828125 0.103609375 0.08290625 0.060515624999999997
0 0.449515625 0.047515625 0.10610937499999999 0.052953125000000004
0 0.901734375 0.346859375 0.1821875 0.054671875
0 0.9081718750000001 0.381203125 0.0489375 0.027421875000000002
0 0.97953125 0.411734375 0.0409375 0.07421875
0 0.8672968750000001 0.41745312500000004 0.037515625000000004 0.022859375
0 0.9199375 0.473609375 0.039 0.024671875
0 0.8766093749999999 0.53234375 0.054484374999999995 0.026578125
0 0.9438124999999999 0.59871875 0.066625 0.036234375
0 0.9722031250000001 0.720078125 0.05559375 0.089734375
0 0.934546875 0.69746875 0.033859375000000004 0.021890625
0 0.8971718750000001 0.775875 0.056265625 0.04725
0 0.9402968749999999 0.7768125 0.042546875 0.022343750000000002
0 0.9062812499999999 0.812625 0.081265625 0.055437499999999994
0 0.9675156250000001 0.82396875 0.037015625 0.025390625
0 0.15267187499999998 0.8312968749999999 0.0468125 0.049265625
0 0.245515625 0.8105156250000001 0.04325 0.018578125
0 0.263359375 0.776546875 0.021171875 0.022640625
0 0.339359375 0.7749843750000001 0.10365625 0.0236875
0 0.43062500000000004 0.7767031249999999 0.062125 0.046406249999999996
0 0.5775781249999999 0.876953125 0.04171875 0.050109375
0 0.61825 0.928921875 0.061921875 0.039359375
0 0.591609375 0.97121875 0.06587499999999999 0.04271875
0 0.878109375 0.9692500000000001 0.054031249999999996 0.0383125
0 0.8990625 0.930890625 0.066203125 0.036234375
0 0.890953125 0.8995312500000001 0.027718749999999997 0.016328125
0 0.8120312500000001 0.9342499999999999 0.04446875 0.0295
0 0.79821875 0.97440625 0.0651875 0.039453125
0 0.72740625 0.9364375 0.050203125 0.043046875
0 0.75528125 0.8910937499999999 0.06251562499999999 0.031265625000000005
0 0.7055625 0.89540625 0.024265625 0.035625000000000004
0 0.7835625 0.7789531249999999 0.05840625000000001 0.036125000000000004
0 0.770578125 0.813578125 0.0575625 0.044703124999999996
0 0.7418750000000001 0.8501875 0.074640625 0.023796875000000002
0 0.681625 0.8637656249999999 0.04240625 0.05878124999999999
0 0.646203125 0.8203125 0.07029687500000001 0.045609375
0 0.762671875 0.740953125 0.059 0.018687500000000003
0 0.6900000000000001 0.7723125 0.08271875 0.0651875
0 0.577265625 0.810921875 0.049046875000000004 0.046328125
0 0.551890625 0.8301093749999999 0.03178125 0.022343750000000002
0 0.6118125 0.8573281250000001 0.019828125 0.01559375
0 0.553734375 0.866234375 0.015046875000000001 0.010890625
0 0.52575 0.8924218749999999 0.047484375 0.031890625
0 0.45899999999999996 0.871078125 0.06982812499999999 0.07915625
0 0.489171875 0.922015625 0.09053125 0.046625
0 0.407890625 0.9625625 0.258921875 0.074890625
0 0.3635 0.8856875000000001 0.051109375 0.046656249999999996
0 0.3125 0.8952031249999999 0.087484375 0.053140625
0 0.21051562499999998 0.7730937499999999 0.0195 0.013953125
0 0.1610625 0.72390625 0.02884375 0.029578125
0 0.24196875 0.7776562499999999 0.017421875 0.012984375000000001
0 0.32404687499999996 0.80940625 0.09959375000000001 0.04471875
0 0.32184375 0.8518437499999999 0.09934375 0.03703125
0 0.419390625 0.8109999999999999 0.037109375 0.0196875
0 0.42903125 0.7353125 0.037703125 0.0194375
0 0.560984375 0.7362031250000001 0.13940625 0.0803125
0 0.7505468750000001 0.5622812500000001 0.09175 0.0473125
0 0.725109375 0.5931093749999999 0.01821875 0.01115625
0 0.7909375 0.6011875 0.07370312500000001 0.03096875
0 0.862890625 0.632796875 0.069078125 0.053421874999999994
0 0.8061093749999999 0.655328125 0.084765625 0.050875000000000004
0 0.850859375 0.669828125 0.026109375 0.014515624999999999
0 0.73121875 0.67009375 0.06665625 0.0610625
0 0.6522812499999999 0.695296875 0.093796875 0.06493750000000001
0 0.477859375 0.764578125 0.02753125 0.016265625
0 0.4535625 0.473703125 0.047 0.025796875000000004
0 0.5745312499999999 0.44067187499999994 0.029546875 0.018
0 0.639328125 0.4336875 0.029203125000000003 0.023984375
0 0.697984375 0.44935937499999995 0.09690625 0.05053125000000001
0 0.736796875 0.423671875 0.03325 0.01909375
0 0.7633281249999999 0.383953125 0.04403125 0.0705625
0 0.656390625 0.50175 0.094296875 0.071515625
0 0.664109375 0.568890625 0.073796875 0.0709375
0 0.34259375 0.5960468750000001 0.045671875 0.03984375
0 0.53025 0.56715625 0.031968750000000004 0.026750000000000003
0 0.5689062500000001 0.601375 0.034375 0.0201875
0 0.08890624999999999 0.65271875 0.071 0.02715625
0 0.07684375 0.7029687499999999 0.02890625 0.03103125
0 0.20024999999999998 0.8847343750000001 0.030296875 0.02265625
0 0.16996875 0.5158750000000001 0.05121875 0.027140625
0 0.635359375 0.169546875 0.23176562500000003 0.11074999999999999
0 0.59934375 0.10789062499999999 0.025421875 0.018640625
0 0.30440625 0.253390625 0.035859375 0.024921875
0 0.168625 0.1870625 0.030875000000000003 0.038875
0 0.23981249999999998 0.14853125 0.027578125 0.0219375
0 0.065296875 0.110359375 0.12310937500000001 0.08184375
0 0.18921875 0.0885625 0.164234375 0.092515625
0 0.313890625 0.049515625 0.175546875 0.051968749999999994
0 0.10974999999999999 0.15778125 0.1290625 0.062046875
0 0.06135937500000001 0.22715625 0.10275000000000001 0.08428125
0 0.084984375 0.443390625 0.143671875 0.3485625
0 0.438875 0.616765625 0.040234375 0.021609375
0 0.5896874999999999 0.28428125 0.31853125000000004 0.11873437499999999
0 0.9487500000000001 0.26373437499999997 0.07078124999999999 0.10046875
0 0.83059375 0.25459375 0.165546875 0.06165625