0 0.24971875 0.3610625 0.054625 0.03365625
0 0.29721875 0.38028125 0.03940625 0.024234375
0 0.31615625 0.42759375000000005 0.039578125 0.06378125
0 0.21384375000000003 0.417078125 0.046640625000000005 0.034046875
0 0.026390625 0.29878125 0.052765625000000003 0.035796875
0 0.535203125 0.815765625 0.030796875 0.058796875000000005
0 0.5548124999999999 0.870109375 0.035140624999999995 0.052578124999999996
0 0.43382812499999995 0.740234375 0.052203124999999996 0.097984375
0 0.426828125 0.499109375 0.039140625 0.0904375
0 0.3721875 0.49203125 0.021234375 0.01978125
0 0.07906250000000001 0.24498437499999998 0.040921875 0.026125
0 0.6314375 0.43009375 0.09226562499999999 0.05695312500000001
0 0.539078125 0.4255 0.05 0.0685
0 0.73153125 0.50428125 0.170296875 0.060515624999999997
0 0.5563281250000001 0.489453125 0.17570312500000002 0.060750000000000005
0 0.62403125 0.536484375 0.037390625 0.02203125
0 0.6672343749999999 0.56715625 0.12815625 0.032515625
0 0.79075 0.57440625 0.118984375 0.02628125
0 0.572921875 0.553921875 0.062359374999999995 0.043703124999999995
0 0.508109375 0.539203125 0.136421875 0.055703125
0 0.40232812500000004 0.5041875 0.017453125 0.022109375
0 0.45178124999999997 0.497234375 0.017453125 0.033640625
0 0.43528124999999995 0.6263124999999999 0.194484375 0.13590625
0 0.551625 0.6279375 0.05796875 0.026625
0 0.6063125 0.6453125 0.048671874999999996 0.0236875
0 0.649109375 0.6635625 0.032546874999999996 0.027234374999999998
0 0.691546875 0.6929531250000001 0.047734375 0.042671875
0 0.94321875 0.48721875 0.037593749999999995 0.02303125
0 0.54890625 0.590734375 0.0421875 0.017421875
0 0.596484375 0.582421875 0.055390625000000006 0.012828125000000001
0 0.6681874999999999 0.58784375 0.083890625 0.011421875
0 0.554796875 0.698234375 0.04925 0.07521875
0 0.5837656250000001 0.761125 0.043140625 0.043687500000000004
0 0.6092500000000001 0.8223593749999999 0.04984375 0.086109375
0 0.362109375 0.711546875 0.051671875 0.032125
0 0.34185937499999997 0.7386250000000001 0.03471875 0.020359375
0 0.322609375 0.764765625 0.042140625 0.029312500000000002
0 0.284296875 0.79390625 0.044375 0.035812500000000004
0 0.588765625 0.0525625 0.026921875 0.024296875000000002
0 0.450390625 0.167671875 0.02228125 0.017296875
0 0.19621875 0.368390625 0.045984375 0.017359375
0 0.11053125 0.36721875000000004 0.0238125 0.013859374999999998
0 0.14735937500000001 0.260234375 0.0246875 0.019734375000000002
0 0.027015624999999998 0.212359375 0.024015625 0.017671875
0 0.01021875 0.24706250000000002 0.0204375 0.015890625
0 0.21781250000000002 0.22809374999999998 0.0363125 0.02590625
0 0.26759374999999996 0.2893125 0.030609375 0.024484375
0 0.38715625 0.5218281250000001 0.02665625 0.025796875000000004
0 0.8801875000000001 0.712625 0.022593750000000003 0.01878125