0 0.56171875 0.5421875 0.08125 0.0671875
0 0.565703125 0.63603125 0.10904687500000002 0.057625
0 0.6515625 0.7 0.0359375 0.0328125
0 0.196578125 0.506484375 0.030359375 0.017656250000000002
0 0.48910937499999996 0.579328125 0.08221875 0.062484375
0 0.45610937500000004 0.5190625 0.120046875 0.038765625
0 0.595890625 0.852078125 0.160703125 0.0889375
0 0.644859375 0.7963281249999999 0.152125 0.089390625
0 0.762234375 0.8039999999999999 0.08442187500000001 0.062296874999999995
0 0.5177968749999999 0.7051406250000001 0.097515625 0.045140625000000004
0 0.6139375 0.7324375 0.06771875000000001 0.031156250000000003
0 0.960890625 0.6032656249999999 0.029078125 0.014734375
0 0.991875 0.589859375 0.016265625 0.014343749999999999
0 0.9140625 0.5995 0.029828125 0.019265625
0 0.274171875 0.7539687500000001 0.16123437499999999 0.085078125