0 0.07320312500000001 0.599609375 0.03525 0.055125
0 0.15046874999999998 0.5485625 0.050609375 0.04609375
0 0.7347812499999999 0.352140625 0.036609375 0.04609375
0 0.7396874999999999 0.516515625 0.0416875 0.049484375000000004
0 0.6996875 0.5310937499999999 0.0290625 0.0296875
0 0.8034375 0.5271874999999999 0.028437499999999998 0.031875
0 0.0675 0.38759375 0.061906249999999996 0.042734375000000005
0 0.071234375 0.5213593750000001 0.022359375 0.10090625
0 0.19478125 0.492671875 0.021890625 0.041249999999999995
0 0.412171875 0.487046875 0.041359375 0.057046875
0 0.476 0.5109375 0.06489062500000001 0.060609375
0 0.61290625 0.477421875 0.10482812500000001 0.054906250000000004
0 0.7302187499999999 0.471359375 0.04421875 0.04278125
0 0.7145312500000001 0.379734375 0.04421875 0.039218750000000004
0 0.69384375 0.330171875 0.02709375 0.025671875
0 0.326609375 0.522 0.04278125 0.07273437499999999
0 0.3055625 0.576546875 0.080578125 0.05632812499999999
0 0.169359375 0.576546875 0.024953125 0.030656250000000003
0 0.21607812499999998 0.5002500000000001 0.0228125 0.037796875
0 0.10340625 0.40824999999999995 0.02853125 0.026390625
0 0.058125 0.431421875 0.040640625 0.04421875
0 0.10625 0.449609375 0.02853125 0.033515625
0 0.181484375 0.38151562499999997 0.024953125 0.02425
0 0.25921875 0.786546875 0.03209375 0.0385
0 0.687796875 0.582609375 0.042078125 0.0385
0 0.61790625 0.599015625 0.01496875 0.0385
0 0.69384375 0.448546875 0.0385 0.025671875
0 0.8920937500000001 0.478140625 0.025671875 0.036375000000000005
0 0.165796875 0.478140625 0.0206875 0.0278125
0 0.30878125 0.4456875 0.02425 0.032796874999999996
0 0.8050937499999999 0.22000000000000003 0.02425 0.039218750000000004
0 0.9737500000000001 0.132640625 0.024953125 0.034234375
0 0.294875 0.26954687499999996 0.022109375 0.02709375
0 0.37615625 0.27490625 0.0206875 0.0206875
0 0.43178124999999995 0.7444843750000001 0.02353125 0.029953125000000004
0 0.08592187500000001 0.7444843750000001 0.024953125 0.029953125000000004