0 0.1818125 0.125 0.102265625 0.048296875
0 0.514421875 0.23956249999999998 0.025515624999999997 0.032140625
0 0.34375 0.524140625 0.039765625 0.519890625
0 0.41020312499999995 0.4531875 0.0280625 0.12859375
0 0.523703125 0.55803125 0.028796875 0.136484375
0 0.679125 0.64009375 0.035859375 0.17934375
0 0.187234375 0.2741875 0.0303125 0.15771875
0 0.2456875 0.38849999999999996 0.03125 0.32528125
0 0.30646874999999996 0.487125 0.024984375 0.10232812499999999
0 0.801140625 0.264203125 0.042609375 0.042609375
0 0.314046875 0.39084375 0.0219375 0.090515625
0 0.31884375 0.30375 0.019203124999999998 0.08503125
0 0.24684374999999997 0.171421875 0.10970312499999998 0.10421875
0 0.39392187500000003 0.1751875 0.1899375 0.17484375000000002
0 0.42648437499999997 0.32809374999999996 0.0233125 0.11725000000000001
0 0.515625 0.157015625 0.054859375 0.049375
0 0.56396875 0.19439062499999998 0.05965625 0.08434375
0 0.535171875 0.45082812499999997 0.021249999999999998 0.08296875000000001
0 0.55128125 0.287640625 0.0246875 0.10079687500000001
0 0.5430625 0.3736875 0.019203124999999998 0.0713125
0 0.6915 0.497453125 0.028109375 0.10628125
0 0.7055625 0.39837500000000003 0.031546875 0.096
0 0.710703125 0.20570312500000001 0.172109375 0.10559375
0 0.71584375 0.27325 0.091875 0.032234374999999996
0 0.710703125 0.321578125 0.054171875 0.05896875
0 0.83309375 0.12753125 0.053484374999999994 0.049375
0 0.7761875 0.11621875 0.030171874999999997 0.019890625000000002
0 0.900640625 0.23759375 0.1899375 0.09668750000000001
0 0.8667031250000001 0.3305 0.0685625 0.08503125
0 0.858125 0.419640625 0.03634375 0.09325
0 0.84475 0.520421875 0.031546875 0.10970312499999998
0 0.834125 0.629109375 0.030859375 0.10901562499999999
0 0.816984375 0.732984375 0.030859375 0.096
0 0.8132187500000001 0.8375625 0.0246875 0.113140625
0 0.796078125 0.945890625 0.041140625 0.10490625