0 0.31153846153846154 0.7982142857142858 0.01282051282051282 0.017857142857142856
0 0.3243589743589744 0.7732142857142857 0.028205128205128206 0.039285714285714285
0 0.3230769230769231 0.6625 0.03076923076923077 0.007142857142857143
0 0.5871794871794872 0.27067857142857144 0.08717948717948718 0.059214285714285705
0 0.36110256410256414 0.5550714285714285 0.28633333333333333 0.14882142857142858
0 0.25384615384615383 0.6178571428571429 0.020512820512820513 0.025
0 0.7815128205128206 0.49403571428571436 0.2062051282051282 0.13096428571428573
0 0.717948717948718 0.5855714285714286 0.06623076923076923 0.05803571428571429
0 0.602025641025641 0.6101071428571428 0.078 0.06846428571428571
0 0.5635641025641025 0.4516428571428571 0.18482051282051282 0.13242857142857142
0 0.4545897435897436 0.3861785714285714 0.09082051282051283 0.10864285714285715
0 0.31356410256410255 0.4412142857142857 0.22756410256410256 0.10864285714285715
0 0.561974358974359 0.5186071428571429 0.06838461538461539 0.05803571428571429
0 0.6928461538461538 0.3794642857142857 0.09082051282051283 0.07439285714285714