0 0.80940625 0.57721875 0.031125000000000003 0.035796875
0 0.431859375 0.170125 0.038953125 0.0395625
0 0.568171875 0.5465625000000001 0.027468749999999997 0.028468749999999998
0 0.45610937500000004 0.528640625 0.021109375 0.024125
0 0.2835625 0.547859375 0.11951562499999999 0.144390625
0 0.25134375000000003 0.472171875 0.020640625000000003 0.02409375
0 0.392390625 0.21970312500000003 0.037703125 0.059328124999999995
0 0.365375 0.304015625 0.05375 0.10428124999999999
0 0.3433125 0.393453125 0.077 0.095453125
0 0.323265625 0.46203125 0.059359375000000006 0.0385
0 0.253484375 0.6545468750000001 0.09946875 0.073796875
0 0.241453125 0.7219375 0.064171875 0.11070312499999999
0 0.18890625 0.7780781250000001 0.07781249999999999 0.168453125
0 0.7520156250000001 0.7263437500000001 0.06978124999999999 0.108296875
0 0.65575 0.187703125 0.1115 0.097859375
0 0.64853125 0.476875 0.100265625 0.47728125
0 0.691453125 0.5639062499999999 0.0240625 0.027265624999999998
0 0.6894375 0.5157812500000001 0.03609375 0.0385
0 0.673 0.76115625 0.044328125 0.0925
0 0.620734375 0.7455 0.06021875 0.053468749999999995
0 0.765984375 0.63759375 0.027937499999999997 0.04865625
0 0.29784375 0.75709375 0.02309375 0.034
0 0.330171875 0.771578125 0.034 0.048703125
0 0.382421875 0.76003125 0.052046875000000006 0.11795312499999999
0 0.430078125 0.727921875 0.0298125 0.047015625
0 0.41559375000000004 0.7652812499999999 0.027703125000000002 0.039453125
0 0.45484375000000005 0.77115625 0.061703125000000004 0.090671875
0 0.5875 0.251453125 0.04071875 0.07471875
0 0.571125 0.309390625 0.039875 0.0369375
0 0.554796875 0.359515625 0.041734375000000004 0.069546875
0 0.585015625 0.47106250000000005 0.051890625 0.0850625
0 0.59946875 0.43815625 0.024078125 0.038515625
0 0.53659375 0.42504687499999994 0.055640625 0.06259375
0 0.516 0.49620312499999997 0.063671875 0.07864062499999999
0 0.49059375000000005 0.566828125 0.06526562500000001 0.064734375
0 0.441375 0.62728125 0.114484375 0.059390624999999996
0 0.5275000000000001 0.5665625000000001 0.03959375 0.069546875
0 0.49728125 0.632359375 0.04440625 0.059921875
0 0.49006249999999996 0.702984375 0.0813125 0.079171875
0 0.5197499999999999 0.6559062499999999 0.02728125 0.026750000000000003
0 0.5392812499999999 0.765046875 0.10592187500000001 0.053500000000000006
0 0.501015625 0.8594687499999999 0.1214375 0.135359375
0 0.371546875 0.608296875 0.017656250000000002 0.034234375
0 0.59165625 0.582125 0.030343750000000003 0.091015625
0 0.5631875 0.575453125 0.016015625 0.02153125
0 0.56453125 0.68146875 0.068703125 0.109640625
0 0.467484375 0.189359375 0.027171875 0.032953125
0 0.636609375 0.11071875 0.0208125 0.023703125
0 0.658859375 0.067078125 0.022546875 0.027750000000000004