0 0.4749019607843137 0.44387799564270153 0.16253267973856209 0.22938997821350765
0 0.1476797385620915 0.6491721132897604 0.03859477124183007 0.053006535947712416
0 0.6276470588235294 0.10718954248366014 0.11743464052287582 0.1386710239651416
0 0.6214869281045752 0.2573856209150327 0.11867647058823529 0.1562309368191721
0 0.5773366013071896 0.7603485838779956 0.026143790849673203 0.033398692810457514
0 0.6966993464052288 0.822636165577342 0.03246732026143791 0.04647058823529411
0 0.3483823529411765 0.6512636165577342 0.1388888888888889 0.278562091503268
0 0.47269607843137257 0.6823747276688453 0.11671568627450982 0.21008714596949893
0 0.369983660130719 0.4048148148148148 0.04434640522875817 0.05642701525054466
0 0.563937908496732 0.42498910675381263 0.023676470588235295 0.034074074074074076
0 0.6470915032679738 0.4074291938997821 0.026405228758169936 0.04206971677559913
0 0.609967320261438 0.49559912854030497 0.021568627450980392 0.02246187363834423
0 0.5691830065359477 0.5095424836601307 0.023594771241830063 0.02516339869281046
0 0.8418137254901962 0.7530718954248367 0.02696078431372549 0.032352941176470584
0 0.5944607843137255 0.41518518518518516 0.03369281045751634 0.03054466230936819
0 0.26622549019607844 0.7449891067538126 0.016176470588235296 0.04492374727668846
0 0.6217483660130719 0.8829193899782135 0.018202614379084967 0.044030501089324624
0 0.20658496732026144 0.8842701525054466 0.04111111111111111 0.03954248366013072
0 0.14321895424836603 0.8200217864923747 0.031683006535947716 0.03684095860566449
0 0.08929738562091503 0.8159694989106753 0.024934640522875817 0.026949891067538125