0 0.45862499999999995 0.736515625 0.055781250000000004 0.20178124999999997
0 0.53715625 0.6869375 0.05659375 0.130390625
0 0.5875781250000001 0.68125 0.047421875 0.056499999999999995
0 0.335265625 0.79375 0.06253125000000001 0.22943750000000002
0 0.69840625 0.753484375 0.056171875 0.14890625
0 0.738890625 0.721125 0.05728124999999999 0.118890625
0 0.93590625 0.598140625 0.11795312499999999 0.10903125
0 0.974046875 0.559765625 0.05190625 0.053125
0 0.027000000000000003 0.6439843749999999 0.054000000000000006 0.132859375
0 0.222953125 0.7717968749999999 0.05665625 0.074390625
0 0.282625 0.7658750000000001 0.050984375000000005 0.11465624999999999
0 0.805015625 0.648421875 0.116015625 0.11584375
0 0.808828125 0.8977031249999999 0.037421875 0.100515625
0 0.843390625 0.9306093750000001 0.025406250000000002 0.037859375
0 0.9702187500000001 0.7436875 0.030359375 0.07375000000000001
0 0.0723125 0.7244531249999999 0.046234375 0.03640625
0 0.06540625 0.870296875 0.029265625 0.035296875
0 0.121921875 0.822625 0.028203125000000002 0.023265625
0 0.337453125 0.645484375 0.099734375 0.064859375
0 0.030593749999999996 0.5397968750000001 0.060687500000000005 0.0930625
0 0.625796875 0.764671875 0.015109375 0.025453125
0 0.991953125 0.838125 0.016078125 0.044390625
0 0.78846875 0.770953125 0.0245625 0.02321875
0 0.677171875 0.777703125 0.025953125 0.0283125
0 0.60803125 0.90815625 0.015312500000000001 0.01825
0 0.554 0.838859375 0.018062500000000002 0.013328125
0 0.5779062500000001 0.8413437500000001 0.014078125 0.017109375
0 0.60690625 0.8146875 0.014265625 0.01678125
0 0.532546875 0.77046875 0.016109375000000002 0.01503125
0 0.5560625 0.766109375 0.016171875 0.017171875
0 0.56928125 0.733046875 0.01490625 0.032921875
0 0.407234375 0.784109375 0.028000000000000004 0.020624999999999998
0 0.176296875 0.7675468750000001 0.016484375000000002 0.08265625
0 0.195015625 0.784921875 0.016578125 0.013843749999999998
0 0.20032812500000002 0.761765625 0.02096875 0.013171875
0 0.20885937499999999 0.811171875 0.021421875 0.02059375
0 0.0063593750000000004 0.755375 0.012703125000000001 0.03903125
0 0.020859375 0.725484375 0.040296874999999996 0.029828125
0 0.069953125 0.69403125 0.091421875 0.036765625
0 0.0693125 0.659 0.03253125 0.014875
0 0.099859375 0.70403125 0.026187500000000002 0.026671875
0 0.105359375 0.73971875 0.01190625 0.008921875
0 0.12057812500000001 0.739359375 0.01103125 0.011828125
0 0.13218749999999999 0.735328125 0.017374999999999998 0.03746875
0 0.12250000000000001 0.7620625000000001 0.014859375 0.0223125
0 0.14751562499999998 0.74378125 0.01190625 0.019453124999999998
0 0.157421875 0.7224062499999999 0.030890624999999998 0.026078125
0 0.188765625 0.7239687499999999 0.02578125 0.0328125
0 0.23117187499999997 0.8287812499999999 0.015437500000000002 0.0389375
0 0.266171875 0.7956562500000001 0.026453125 0.044953125
0 0.409359375 0.857421875 0.022609375 0.016734375000000003
0 0.38215625000000003 0.6418125 0.014953125000000001 0.025078125
0 0.39256250000000004 0.66078125 0.01571875 0.010140625
0 0.41314062500000004 0.6382656250000001 0.02053125 0.017953125
0 0.3989375 0.626375 0.009093750000000001 0.011046875000000001
0 0.40771875 0.668234375 0.016796875 0.011671875
0 0.424421875 0.6628125 0.016593749999999997 0.01046875
0 0.381828125 0.7113437499999999 0.010890625 0.0208125
0 0.400109375 0.70096875 0.013750000000000002 0.010890625
0 0.416296875 0.7104375 0.008765625 0.010578124999999999
0 0.42798437500000003 0.71784375 0.011671875 0.011921875
0 0.422265625 0.700109375 0.0110625 0.01040625
0 0.072875 0.6233593749999999 0.0516875 0.0531875
0 0.10387500000000001 0.656625 0.034421875000000005 0.029375000000000002
0 0.10971875 0.725203125 0.021812500000000002 0.01603125
0 0.057843750000000006 0.798078125 0.015703125000000002 0.014859375
0 0.053984374999999994 0.746171875 0.01390625 0.014624999999999999
0 0.504984375 0.70365625 0.017546875 0.030734375
0 0.50334375 0.73365625 0.014265625 0.011265625
0 0.513140625 0.7248125 0.0239375 0.009234375
0 0.66503125 0.8735312499999999 0.016125 0.015234375
0 0.709640625 0.8552500000000001 0.015062500000000001 0.048515625
0 0.688 0.975671875 0.01509375 0.013593749999999998
0 0.011765625 0.6135312500000001 0.023546875000000002 0.020265625000000002