0 0.08152173913043478 0.7701071428571429 0.07608695652173914 0.23164285714285715
0 0.32130434782608697 0.43050000000000005 0.08019021739130436 0.11660714285714285
0 0.31752717391304347 0.5773928571428572 0.025570652173913043 0.17060714285714287
0 0.5120108695652174 0.6973214285714285 0.020543478260869562 0.31553571428571425
0 0.8809239130434783 0.70925 0.2096195652173913 0.08739285714285713
0 0.8212228260869565 0.8247857142857142 0.02706521739130435 0.1407142857142857
0 0.639375 0.7003571428571428 0.024782608695652172 0.10221428571428572
0 0.9250815217391305 0.5613571428571429 0.020652173913043477 0.10267857142857142
0 0.6566576086956522 0.47224999999999995 0.035326086956521736 0.10714285714285714
0 0.8522010869565217 0.2495357142857143 0.0397554347826087 0.203
0 0.892391304347826 0.0960357142857143 0.021413043478260868 0.06664285714285714
0 0.7532065217391305 0.17650000000000002 0.029293478260869563 0.0785
0 0.21489130434782608 0.7669285714285715 0.025978260869565218 0.14796428571428571
0 0.3845923913043478 0.8434285714285714 0.03192934782608696 0.10175
0 0.05385869565217392 0.18 0.01894021739130435 0.13660714285714284
0 0.025842391304347824 0.3905 0.03578804347826087 0.055428571428571424
0 0.07755434782608696 0.3936428571428571 0.027853260869565216 0.07003571428571428
0 0.15192934782608694 0.4406785714285714 0.11614130434782609 0.14532142857142857
0 0.15592391304347827 0.6163214285714286 0.04614130434782609 0.2017857142857143
0 0.24301630434782612 0.4396428571428571 0.04057065217391304 0.07003571428571428
0 0.33570652173913046 0.1829642857142857 0.05092391304347826 0.115
0 0.33451086956521736 0.065 0.045271739130434786 0.06242857142857143
0 0.5404619565217391 0.0595 0.1721467391304348 0.052892857142857144
0 0.5270380434782609 0.13882142857142857 0.06706521739130435 0.10578571428571429
0 0.0804891304347826 0.07307142857142858 0.079375 0.07417857142857143
0 0.13777173913043478 0.08374999999999999 0.03298913043478261 0.08521428571428571
0 0.2311141304347826 0.08374999999999999 0.15146739130434783 0.08667857142857142
0 0.19869565217391305 0.24239285714285716 0.027391304347826086 0.2233214285714286
0 0.02793478260869565 0.05360714285714285 0.017880434782608697 0.022035714285714287
0 0.2347282608695652 0.7055357142857144 0.06929347826086957 0.06539285714285714
0 0.30991847826086955 0.7026071428571429 0.07209239130434783 0.03157142857142857
0 0.3090760869565217 0.7195 0.03241847826086956 0.05657142857142857
0 0.406875 0.7264999999999999 0.12407608695652173 0.12635714285714286
0 0.5102717391304348 0.4712142857142857 0.09725543478260869 0.13735714285714287
0 0.5871467391304348 0.4829642857142857 0.04861413043478261 0.037464285714285714
0 0.5902173913043478 0.53625 0.018994565217391304 0.06464285714285715
0 0.641358695652174 0.6093214285714286 0.10451086956521739 0.10503571428571429
0 0.7279891304347825 0.6104285714285714 0.06763586956521739 0.05875
0 0.824945652173913 0.6045357142857143 0.12630434782608696 0.039678571428571424
0 0.6533695652173913 0.07785714285714286 0.04584239130434783 0.07785714285714286
0 0.7919836956521739 0.09182142857142857 0.1766032608695652 0.11460714285714287
0 0.9758423913043479 0.07492857142857143 0.0402445652173913 0.038214285714285715
0 0.4138586956521739 0.18989285714285714 0.13358695652173913 0.13882142857142857
0 0.4113586956521739 0.3654285714285714 0.05252717391304347 0.21082142857142858
0 0.6385597826086957 0.34414285714285714 0.17605978260869568 0.1417857142857143
0 0.7713043478260869 0.32982142857142854 0.08605978260869565 0.072
0 0.5278804347826087 0.3151428571428571 0.044157608695652176 0.03085714285714286
0 0.8964945652173913 0.4414642857142857 0.14978260869565216 0.13810714285714287
0 0.8115489130434782 0.42492857142857143 0.042472826086956524 0.047749999999999994