0 0.4756944444444444 0.8733660130718954 0.02546296296296296 0.2107843137254902
0 0.6608796296296297 0.7663398692810458 0.02546296296296296 0.23202614379084968
0 0.1712962962962963 0.7254901960784313 0.027777777777777776 0.1895424836601307
0 0.1705324074074074 0.3922875816993464 0.08641203703703704 0.1506045751633987
0 0.49981481481481477 0.12145424836601307 0.10145833333333333 0.13508169934640524
0 0.47724537037037035 0.4660947712418301 0.08872685185185185 0.16312091503267973
0 0.3693981481481482 0.30282679738562096 0.11381944444444445 0.14215686274509803
0 0.8184722222222222 0.11151960784313726 0.10840277777777778 0.1576797385620915
0 0.6784259259259259 0.3175326797385621 0.09298611111111112 0.14978758169934642
0 0.1746759259259259 0.5087745098039216 0.029467592592592594 0.07575163398692811
0 0.6734027777777778 0.4634640522875817 0.029467592592592594 0.13071895424836602
0 0.8207175925925926 0.2837254901960784 0.042083333333333334 0.19013071895424838
0 0.4766435185185185 0.6201797385620915 0.02736111111111111 0.1351797385620915