0 0.3220343137254902 0.10338235294117648 0.15924019607843137 0.09910130718954248
0 0.20485294117647057 0.2052124183006536 0.16441176470588234 0.10602941176470589
0 0.5925490196078431 0.5623692810457517 0.13732843137254902 0.09382352941176471
0 0.1970588235294118 0.8468954248366012 0.11875000000000001 0.08629084967320262
0 0.3483823529411764 0.48666666666666664 0.09573529411764707 0.06782679738562092
0 0.18485294117647058 0.4922058823529412 0.04715686274509803 0.03138888888888889
0 0.25632352941176473 0.44297385620915036 0.04642156862745098 0.033660130718954254
0 0.07590686274509803 0.4276797385620915 0.15181372549019606 0.11437908496732026
0 0.01463235294117647 0.3131535947712418 0.02926470588235294 0.1192483660130719
0 0.020049019607843138 0.03343137254901961 0.040122549019607844 0.06686274509803922
0 0.3698529411764706 0.41818627450980395 0.06269607843137255 0.06519607843137255
0 0.2875245098039216 0.515702614379085 0.04345588235294118 0.029526143790849675
0 0.03384803921568628 0.5391013071895425 0.03928921568627451 0.032875816993464056
0 0.07563725490196078 0.5736601307189543 0.02926470588235294 0.020620915032679737
0 0.4425735294117647 0.49563725490196076 0.03762254901960784 0.02619281045751634
0 0.4467401960784314 0.4159640522875817 0.052647058823529415 0.031764705882352945
0 0.13455882352941176 0.04736928104575163 0.03676470588235294 0.026748366013071897
0 0.531593137254902 0.27107843137254906 0.2841911764705882 0.2691339869281046
0 0.35982843137254905 0.2827941176470588 0.040955882352941175 0.027303921568627453
0 0.34894607843137254 0.31537581699346406 0.03762254901960784 0.025637254901960782
0 0.24154411764705883 0.2825 0.03845588235294117 0.024509803921568627
0 0.27666666666666667 0.32235294117647056 0.031764705882352945 0.019509803921568626
0 0.2499019607843137 0.6062418300653595 0.19056372549019607 0.1270424836601307
0 0.11575980392156862 0.6934477124183006 0.23151960784313724 0.11423202614379084
0 0.24196078431372547 0.677859477124183 0.03426470588235294 0.040669934640522876
0 0.9599509803921569 0.6118137254901961 0.03259803921568628 0.025637254901960782
0 0.9256617647058824 0.6455392156862745 0.030931372549019606 0.019509803921568626
0 0.05223039215686274 0.1705065359477124 0.03762254901960784 0.025637254901960782