0 0.813875 0.160296875 0.11482812499999999 0.178734375
0 0.7033750000000001 0.258375 0.0883125 0.055125
0 0.69584375 0.334984375 0.077421875 0.049859375
0 0.5842343750000001 0.32940625 0.112328125 0.15031250000000002
0 0.6426875 0.45303125 0.06375 0.09567187499999999
0 0.7411875 0.404890625 0.089984375 0.080296875
0 0.76434375 0.575140625 0.160875 0.17525
0 0.8876875 0.36584374999999997 0.159765625 0.22540624999999997
0 0.62175 0.08940624999999999 0.11762500000000001 0.08325
0 0.711046875 0.143125 0.061812500000000006 0.06792187499999999
0 0.65175 0.1929375 0.057625 0.0715625
0 0.607953125 0.65271875 0.069046875 0.098265625