0 0.930390625 0.27273437500000003 0.02840625 0.15625
0 0.164765625 0.35440625 0.073859375 0.04971875
0 0.014203125 0.43395312500000005 0.02840625 0.055390625000000006
0 0.796609375 0.25209375 0.0209375 0.036515625
0 0.779015625 0.22248437499999998 0.013359375000000001 0.02271875
0 0.6640937499999999 0.20800000000000002 0.016921875 0.025828125
0 0.5315937500000001 0.28015625 0.02271875 0.025828125
0 0.60684375 0.673390625 0.44907812500000005 0.653234375
0 0.3888125 0.365375 0.030453124999999998 0.04446875
0 0.305359375 0.47003125 0.149640625 0.311453125
0 0.31656249999999997 0.3489375 0.033828125 0.0309375
0 0.16214062499999998 0.204671875 0.057515625 0.052671875
0 0.620046875 0.1433125 0.012375 0.048015625
0 0.6321718749999999 0.117578125 0.01484375 0.07771875
0 0.603953125 0.110390625 0.011875 0.027718749999999997
0 0.960140625 0.19084375 0.018312500000000002 0.0440625
0 0.160015625 0.55559375 0.093796875 0.075890625
0 0.24307812499999998 0.5878125 0.042249999999999996 0.04009375
0 0.11276562500000001 0.590671875 0.032218750000000004 0.037234375
0 0.861125 0.6152968750000001 0.080015625 0.131375
0 0.9245625000000001 0.569484375 0.029109375 0.04721875
0 0.9190625000000001 0.609578125 0.02975 0.0316875
0 0.9436406249999999 0.66584375 0.051734375 0.066625
0 0.903546875 0.767390625 0.043984375 0.12740625
0 0.8776718750000001 0.89125 0.047859374999999996 0.056921875
0 0.918734375 0.9284375 0.044625 0.042046875
0 0.969828125 0.975046875 0.040749999999999995 0.049890625
0 0.68234375 0.259359375 0.028453125000000003 0.0388125
0 0.633515625 0.32015625000000003 0.042046875 0.050453125
0 0.681375 0.3285625 0.035578125 0.041390625
0 0.974734375 0.8446875 0.050546875000000005 0.19920312499999998
0 0.851796875 0.777421875 0.050453125 0.17721875
0 0.330171875 0.69334375 0.105421875 0.12546875
0 0.298484375 0.8365937499999999 0.1131875 0.11965624999999999