0 0.8135937500000001 0.251484375 0.1295 0.210203125
0 0.513296875 0.12528125 0.12762500000000002 0.14545312500000002
0 0.592125 0.28621875 0.08445312499999999 0.14264062500000002
0 0.6836249999999999 0.379578125 0.16046875 0.26368749999999996
0 0.641609375 0.626515625 0.467484375 0.52065625
0 0.8103125 0.5686718749999999 0.1360625 0.270265625
0 0.36503125000000003 0.09215625 0.174015625 0.060750000000000005
0 0.167328125 0.36503125000000003 0.157546875 0.058687500000000004
0 0.296046875 0.41187500000000005 0.202859375 0.133859375
0 0.2749375 0.5344218749999999 0.243015625 0.218296875
0 0.082890625 0.49065624999999996 0.143125 0.064875
0 0.522578125 0.9329062499999999 0.06281250000000001 0.061781249999999996
0 0.64253125 0.923125 0.070015625 0.097828125
0 0.586421875 0.932390625 0.04634375 0.06693750000000001