0 0.365765625 0.70596875 0.171875 0.173296875
0 0.076765625 0.15878125 0.08509375 0.12721875
0 0.9015000000000001 0.585546875 0.194125 0.209296875
0 0.61484375 0.23828125 0.1671875 0.1359375
0 0.80078125 0.27890625 0.2484375 0.1859375
0 0.6734375 0.3765625 0.3375 0.13125
0 0.80859375 0.47890625 0.0828125 0.0765625
0 0.63984375 0.6046875 0.2078125 0.23125
0 0.034375 0.471875 0.06875 0.109375
0 0.26015625 0.08125 0.1484375 0.146875
0 0.69453125 0.0546875 0.0859375 0.109375
0 0.09140625 0.053125 0.1828125 0.103125