0 0.2495625 0.965625 0.285984375 0.06875
0 0.377171875 0.9065468750000001 0.14709375 0.023
0 0.48153125 0.943046875 0.18078125 0.043875
0 0.7987656249999999 0.86490625 0.11046875 0.040109375
0 0.8906875 0.878015625 0.11434375000000001 0.03178125
0 0.970390625 0.883375 0.05923437499999999 0.027015624999999998
0 0.89321875 0.9137812500000001 0.03075 0.019875
0 0.868625 0.93978125 0.03225 0.023015625
0 0.7990625 0.9204062499999999 0.056984375 0.025984374999999997
0 0.79325 0.9450625 0.024515625 0.022859375
0 0.754296875 0.9514687500000001 0.046406249999999996 0.024953125
0 0.7660625 0.98596875 0.052203124999999996 0.027500000000000004
0 0.6693749999999999 0.982609375 0.07323437499999999 0.03121875
0 0.6970156249999999 0.935296875 0.03465625 0.02003125
0 0.7088593750000001 0.8840468749999999 0.06578125 0.045046875
0 0.648140625 0.904171875 0.05015625 0.0435625
0 0.59809375 0.9256249999999999 0.05134375 0.036421875
0 0.39175 0.918984375 0.06478125 0.02434375