0 0.45703125 0.36171875 0.0578125 0.20625
0 0.517765625 0.39264062499999997 0.048843750000000005 0.16339062499999998
0 0.428125 0.62265625 0.0546875 0.109375
0 0.57578125 0.4828125 0.0390625 0.0390625
0 0.54375 0.52578125 0.0296875 0.0484375
0 0.487625 0.52925 0.0359375 0.0296875
0 0.49609375 0.56328125 0.0390625 0.0234375
0 0.484375 0.73828125 0.01875 0.0390625
0 0.5352812499999999 0.8952031249999999 0.0234375 0.046875
0 0.32790625 0.886015625 0.03125 0.05625
0 0.339703125 0.95003125 0.0296875 0.04375
0 0.2671875 0.51640625 0.0390625 0.0609375
0 0.066671875 0.836125 0.02865625 0.058171875
0 0.08887500000000001 0.9171875 0.0265625 0.05625
0 0.07523437499999999 0.7285781250000001 0.0203125 0.05
0 0.02415625 0.5046875 0.0171875 0.0328125
0 0.28900000000000003 0.181515625 0.0890625 0.0888125
0 0.4421875 0.12065624999999999 0.0171875 0.025
0 0.5735625 0.9875 0.0203125 0.025
0 0.50625 0.640625 0.0296875 0.0390625
0 0.48426562500000003 0.65559375 0.02321875 0.028359375
0 0.59765625 0.59921875 0.01875 0.025
0 0.7 0.57578125 0.021875 0.028125
0 0.7359375 0.525 0.0203125 0.0265625
0 0.690515625 0.81640625 0.0203125 0.021875
0 0.7136250000000001 0.82109375 0.0171875 0.0203125
0 0.588953125 0.7296875 0.03259375 0.0421875
0 0.97890625 0.77578125 0.0171875 0.0265625
0 0.1859375 0.68359375 0.0296875 0.0453125
0 0.375671875 0.87109375 0.01875 0.028125
0 0.396 0.8237656250000001 0.0171875 0.034375
0 0.42121875 0.685828125 0.021875 0.025
0 0.2359375 0.55234375 0.021875 0.040625
0 0.24609375 0.49453125 0.0171875 0.03125
0 0.5291406249999999 0.273109375 0.0203125 0.025
0 0.68565625 0.08975 0.018203125 0.058437499999999996
0 0.74765625 0.077125 0.015625 0.0203125
0 0.521875 0.53984375 0.0140625 0.028125
0 0.5203125 0.503125 0.01875 0.021875
0 0.50971875 0.284046875 0.015625 0.0265625
0 0.45346875000000003 0.57365625 0.020999999999999998 0.026109375
0 0.514296875 0.847984375 0.019203124999999998 0.02634375
0 0.46553125 0.79453125 0.020765625 0.025234374999999996
0 0.40614062500000003 0.733265625 0.0125 0.01875
0 0.57109375 0.6671875 0.01875 0.0265625
0 0.56953125 0.48203125 0.0515625 0.040625
0 0.404140625 0.708703125 0.0140625 0.0203125
0 0.4255625 0.76796875 0.019875 0.021875
0 0.43348437500000003 0.7400781249999999 0.0125 0.0140625
0 0.44576562500000005 0.723109375 0.0125 0.0203125
0 0.44632812499999996 0.65190625 0.014515624999999999 0.016296875
0 0.4875 0.60625 0.0203125 0.0140625
0 0.708375 0.11909375 0.01540625 0.027250000000000003
0 0.15521875000000002 0.9328125 0.0109375 0.021875
0 0.1529375 0.9 0.0109375 0.0203125
0 0.465515625 0.656484375 0.01540625 0.020765625
0 0.496875 0.6859375 0.0109375 0.0171875
0 0.55390625 0.7265625 0.0140625 0.01875
0 0.5421875 0.69765625 0.009375 0.0140625
0 0.43367187500000004 0.1804375 0.0140625 0.0328125
0 0.46048437499999995 0.1600625 0.0109375 0.0140625
0 0.072328125 0.580703125 0.0140625 0.021875
0 0.2661875 0.35759375000000004 0.013843749999999998 0.0203125
0 0.451453125 0.87165625 0.014734375 0.02321875
0 0.484375 0.76796875 0.0109375 0.0140625
0 0.49175 0.805578125 0.0109375 0.015625
0 0.42935937500000004 0.9692031249999999 0.0078125 0.015625
0 0.38403125 0.84609375 0.01525 0.023203124999999998
0 0.53309375 0.98015625 0.0141875 0.013640625
0 0.312140625 0.254765625 0.018921874999999998 0.032984374999999996
0 0.407515625 0.773390625 0.026437500000000003 0.036
0 0.37687499999999996 0.6306875 0.043890625 0.0511875
0 0.518015625 0.186015625 0.021984375 0.024328125
0 0.635765625 0.220296875 0.019125 0.02559375
0 0.606453125 0.276140625 0.0249375 0.01775
0 0.4530625 0.254296875 0.037078125 0.033484375
0 0.3395625 0.192875 0.015 0.022984375
0 0.5074062500000001 0.24851562500000002 0.02859375 0.022625
0 0.57315625 0.3646875 0.029484375 0.023796875000000002
0 0.546765625 0.42214062500000005 0.017859375 0.027046874999999998
0 0.490265625 0.41782812500000005 0.029218749999999998 0.04634375
0 0.4963125 0.46575 0.0421875 0.053421874999999994
0 0.502921875 0.500203125 0.016140625 0.01496875
0 0.600671875 0.535578125 0.014812500000000001 0.03990625
0 0.597953125 0.48009375 0.023578125 0.01840625
0 0.53053125 0.631328125 0.0166875 0.03815625