0 0.02666666666666667 0.3498529411764706 0.05330882352941176 0.04111111111111111
0 0.01926470588235294 0.2943954248366013 0.03852941176470588 0.02441176470588235
0 0.023112745098039216 0.31901960784313727 0.04625 0.01968954248366013
0 0.07161764705882352 0.2997549019607843 0.054607843137254905 0.03339869281045752
0 0.03551470588235294 0.23818627450980392 0.07102941176470588 0.06052287581699346
0 0.05433823529411765 0.21965686274509805 0.06669117647058824 0.03746732026143791
0 0.0926470588235294 0.164640522875817 0.0496078431372549 0.05058823529411765
0 0.12593137254901962 0.1881045751633987 0.02375 0.01781045751633987
0 0.052573529411764706 0.11080065359477125 0.10176470588235295 0.03165032679738562
0 0.031151960784313728 0.04055555555555555 0.062328431372549016 0.02799019607843137
0 0.07759803921568627 0.07348039215686274 0.04833333333333333 0.03334967320261438
0 0.02267156862745098 0.07970588235294118 0.03857843137254902 0.018660130718954247
0 0.038995098039215685 0.012712418300653595 0.050882352941176476 0.025441176470588234
0 0.1382107843137255 0.12591503267973855 0.03051470588235294 0.054558823529411764
0 0.18399509803921568 0.21990196078431373 0.050882352941176476 0.02261437908496732
0 0.25142156862745096 0.22173202614379084 0.06529411764705882 0.01723856209150327
0 0.2603186274509804 0.2044934640522876 0.054264705882352944 0.018366013071895424
0 0.3044117647058824 0.18047385620915032 0.07377450980392157 0.03815359477124183
0 0.03647058823529412 0.14995098039215685 0.037303921568627454 0.01723856209150327
0 0.2113480392156863 0.13241830065359478 0.09963235294117646 0.06302287581699346
0 0.11769607843137256 0.31258169934640523 0.10715686274509803 0.15173202614379086
0 0.24980392156862746 0.3572875816993464 0.18781862745098038 0.21454248366013073
0 0.3068872549019608 0.2670751633986928 0.08715686274509804 0.04395424836601307
0 0.11901960784313725 0.012794117647058824 0.04291666666666667 0.022581699346405228
0 0.1571813725490196 0.03733660130718954 0.055098039215686276 0.03854575163398693
0 0.22017156862745096 0.07377450980392157 0.05644607843137255 0.03251633986928104
0 0.192843137254902 0.08717320261437908 0.035220588235294115 0.027401960784313725
0 0.1318872549019608 0.054656862745098046 0.05058823529411765 0.031617647058823535
0 0.0826470588235294 0.04877450980392157 0.02799019607843137 0.0180718954248366
0 0.28816176470588234 0.13745098039215686 0.04877450980392156 0.04366013071895425
0 0.4279411764705882 0.02272875816993464 0.0763235294117647 0.04545751633986928
0 0.5020098039215686 0.057058823529411766 0.03659313725490196 0.024395424836601308
0 0.584656862745098 0.14588235294117646 0.0763235294117647 0.04125816993464052
0 0.25183823529411764 0.02008169934640523 0.05240196078431372 0.0323202614379085
0 0.29034313725490196 0.04119281045751634 0.08955882352941176 0.05004901960784314
0 0.19044117647058825 0.013562091503267974 0.05786764705882353 0.0271078431372549
0 0.2897549019607843 0.006781045751633987 0.061004901960784313 0.013562091503267974
0 0.36230392156862745 0.02815359477124183 0.052794117647058825 0.033888888888888885
0 0.37970588235294117 0.05630718954248366 0.11575980392156862 0.02241830065359477
0 0.35955882352941176 0.07730392156862745 0.04808823529411765 0.03988562091503268
0 0.278235294117647 0.0756045751633987 0.053578431372549015 0.029722222222222223
0 0.3142156862745098 0.08746732026143791 0.037941176470588235 0.02581699346405229
0 0.2878186274509804 0.1061111111111111 0.06803921568627451 0.03179738562091503
0 0.4278186274509804 0.08929738562091503 0.08838235294117648 0.03883986928104575
0 0.5216666666666667 0.020588235294117647 0.03441176470588235 0.025555555555555557
0 0.5472794117647058 0.049918300653594774 0.05044117647058823 0.03102941176470588
0 0.6434803921568628 0.06452614379084967 0.03715686274509804 0.02008169934640523
0 0.6847303921568627 0.07351307189542484 0.04301470588235294 0.014591503267973855
0 0.716985294117647 0.0951470588235294 0.02620098039215686 0.013562091503267974
0 0.6411274509803921 0.09802287581699347 0.037941176470588235 0.02189542483660131
0 0.7134558823529411 0.13869281045751633 0.04808823529411765 0.026584967320261436
0 0.7781862745098039 0.11300653594771241 0.02894607843137255 0.02477124183006536
0 0.5058333333333334 0.09254901960784313 0.04808823529411765 0.04483660130718954
0 0.459093137254902 0.056437908496732025 0.03754901960784314 0.02215686274509804
0 0.2170343137254902 0.042761437908496736 0.054754901960784315 0.0271078431372549
0 0.5185294117647059 0.13803921568627453 0.04926470588235295 0.037794117647058825
0 0.5633088235294118 0.11040849673202613 0.06686274509803922 0.024248366013071895
0 0.6503186274509803 0.13660130718954247 0.029730392156862746 0.02815359477124183
0 0.6000735294117647 0.17375816993464052 0.06843137254901961 0.013823529411764707
0 0.6636029411764706 0.18145424836601307 0.03676470588235294 0.026584967320261436
0 0.7437745098039216 0.21207516339869278 0.056299019607843136 0.027369281045751634
0 0.6876470588235294 0.23150326797385623 0.04419117647058824 0.031290849673202614
0 0.7341911764705883 0.24766339869281045 0.03088235294117647 0.022941176470588232
0 0.7856127450980391 0.26395424836601306 0.05786764705882353 0.045098039215686274
0 0.8014460784313726 0.3116666666666667 0.0692156862745098 0.04718954248366013
0 0.7343872549019608 0.27738562091503266 0.0696078431372549 0.046928104575163394
0 0.8409558823529412 0.36302287581699344 0.10598039215686275 0.04718954248366013
0 0.9086029411764706 0.4416176470588235 0.17715686274509804 0.12044117647058822
0 0.9267892156862745 0.3694117647058824 0.04693627450980392 0.02815359477124183
0 0.9795833333333334 0.35911764705882354 0.03127450980392157 0.018513071895424837
0 0.8589460784313725 0.3027941176470588 0.04105392156862745 0.03988562091503268
0 0.6391666666666665 0.2146895424836601 0.06764705882352942 0.03102941176470588
0 0.807843137254902 0.47959150326797384 0.09514705882352942 0.055735294117647056
0 0.9664950980392156 0.5119281045751635 0.053137254901960786 0.03356209150326797
0 0.9699754901960784 0.5367156862745098 0.06004901960784314 0.017859477124183006
0 0.9173039215686274 0.5143954248366013 0.03232843137254902 0.019395424836601307
0 0.958406862745098 0.5705882352941176 0.03973039215686275 0.05173202614379085
0 0.9625735294117648 0.6362254901960784 0.0275 0.024754901960784316
0 0.9882107843137254 0.6216993464052288 0.023578431372549016 0.033872549019607845
0 0.8775980392156862 0.5304084967320262 0.05541666666666666 0.04034313725490196
0 0.9129166666666667 0.5594934640522876 0.052181372549019604 0.033872549019607845
0 0.9159313725490196 0.5929084967320262 0.036960784313725493 0.018790849673202614
0 0.8346323529411764 0.5367156862745098 0.019387254901960783 0.05480392156862745
0 0.8013480392156862 0.5970261437908496 0.06669117647058824 0.09580065359477125
0 0.8106127450980393 0.5465686274509803 0.03232843137254902 0.026486928104575164
0 0.904142156862745 0.32885620915032676 0.040196078431372545 0.019705882352941177
0 0.9159313725490196 0.250343137254902 0.019387254901960783 0.024019607843137253
0 0.8842892156862746 0.27606209150326794 0.026323529411764707 0.015702614379084965
0 0.5494117647058824 0.07589869281045752 0.028186274509803922 0.018790849673202614
0 0.7706617647058823 0.23125816993464052 0.02725490196078431 0.020931372549019608
0 0.7006862745098039 0.20431372549019608 0.02125 0.01508169934640523
0 0.6265441176470589 0.1904575163398693 0.031862745098039214 0.020016339869281044
0 0.5896078431372549 0.19137254901960785 0.03740196078431372 0.020637254901960785
0 0.6754411764705882 0.6119444444444444 0.18 0.1979575163398693
0 0.7415686274509804 0.5134640522875817 0.0466421568627451 0.03910130718954248
0 0.7461764705882353 0.5391830065359478 0.049411764705882356 0.020931372549019608
0 0.7852205882352942 0.5200816993464052 0.05174019607843137 0.024019607843137253
0 0.8951470588235295 0.6147712418300654 0.044338235294117644 0.018790849673202614
0 0.3558823529411764 0.00553921568627451 0.06605392156862745 0.01107843137254902
0 0.36857843137254903 0.2024673202614379 0.04897058823529412 0.037875816993464054
0 0.46147058823529413 0.4236764705882353 0.23676470588235293 0.3056372549019608
0 0.411078431372549 0.22401960784313724 0.07112745098039215 0.04650326797385621
0 0.7980392156862746 0.710343137254902 0.055171568627450984 0.13124183006535947
0 0.677156862745098 0.8045588235294118 0.09830882352941177 0.1778921568627451
0 0.7012254901960785 0.9480065359477123 0.0642156862745098 0.10366013071895425
0 0.8070588235294117 0.8062254901960785 0.04112745098039216 0.05416666666666666
0 0.8206127450980393 0.8634150326797385 0.03610294117647059 0.060196078431372556
0 0.8336519607843137 0.918921568627451 0.026078431372549022 0.04413398692810458
0 0.8487009803921568 0.9698202614379084 0.026078431372549022 0.06034313725490196
0 0.36566176470588235 0.6664542483660131 0.02909313725490196 0.17321895424836603
0 0.3631617647058823 0.8490359477124183 0.030098039215686274 0.18258169934640522
0 0.4413970588235294 0.6373529411764706 0.06220588235294117 0.1217156862745098
0 0.44691176470588234 0.8219444444444444 0.025073529411764706 0.24344771241830065
0 0.4368872549019608 0.9721732026143791 0.019068627450980393 0.055653594771241835
0 0.560392156862745 0.6548366013071896 0.022720588235294117 0.15246732026143792
0 0.6106127450980392 0.7730882352941176 0.02051470588235294 0.11826797385620914
0 0.6095098039215686 0.9152941176470588 0.030049019607843137 0.16908496732026143
0 0.5695588235294118 0.7779738562091504 0.03372549019607843 0.09772875816993465
0 0.5699264705882353 0.9134313725490196 0.022720588235294117 0.17315359477124181
0 0.3763970588235294 0.9940522875816994 0.022720588235294117 0.011895424836601307
0 0.17666666666666667 0.1759313725490196 0.05865196078431373 0.013676470588235293
0 0.21441176470588236 0.20622549019607841 0.027132352941176472 0.027369281045751634
0 0.2946813725490196 0.2345588235294118 0.08355392156862745 0.018562091503267972
0 0.11325980392156863 0.22429738562091506 0.037377450980392156 0.02150326797385621
0 0.3771323529411765 0.2577777777777778 0.052034313725490194 0.022973856209150326
0 0.6190441176470588 0.02906862745098039 0.04470588235294117 0.023937908496732028
0 0.587156862745098 0.07207516339869281 0.03811274509803922 0.024918300653594773
0 0.7637990196078431 0.17104575163398694 0.03958333333333333 0.03323529411764706
0 0.8917156862745098 0.18057189542483662 0.027132352941176472 0.018088235294117648
0 0.11654411764705881 0.4021895424836601 0.03372549019607843 0.02150326797385621
0 0.08392156862745098 0.4434803921568628 0.030049019607843137 0.016127450980392154
0 0.09968137254901961 0.42369281045751633 0.02784313725490196 0.01661764705882353
0 0.16909313725490194 0.5076307189542484 0.03193627450980392 0.08330065359477123
0 0.1488970588235294 0.5881045751633988 0.02536764705882353 0.07264705882352941
0 0.13904411764705882 0.7377941176470588 0.026299019607843137 0.2242156862745098
0 0.12120098039215688 0.9252614379084967 0.03571078431372549 0.14947712418300654
0 0.02583333333333333 0.41805555555555557 0.05166666666666666 0.09081699346405228
0 0.49134803921568626 0.6059477124183006 0.03382352941176471 0.053235294117647054
0 0.8556617647058824 0.6041339869281046 0.05156862745098039 0.11093137254901961
0 0.9230392156862746 0.6495098039215687 0.028186274509803922 0.020163398692810457
0 0.9312990196078432 0.6162745098039216 0.030931372549019606 0.028872549019607847
0 0.8828186274509804 0.716437908496732 0.03987745098039216 0.11367647058823528
0 0.9711764705882353 0.7347712418300654 0.03230392156862745 0.014673202614379086