0 0.2743125 0.520390625 0.11309374999999999 0.106125
0 0.23875000000000002 0.7242968750000001 0.050562499999999996 0.109171875
0 0.35509375 0.8334531249999999 0.24431250000000002 0.06298437500000001
0 0.1809375 0.8793124999999999 0.106078125 0.20414062500000002
0 0.547875 0.21789062499999998 0.247359375 0.060687500000000005
0 0.6164531249999999 0.133390625 0.399703125 0.043546875
0 0.25392187499999996 0.150703125 0.33523437500000003 0.197109375
0 0.225203125 0.31771875 0.224640625 0.045203125
0 0.24937499999999999 0.272421875 0.29575 0.042703124999999995
0 0.184453125 0.437109375 0.1251875 0.03259375
0 0.195609375 0.400515625 0.141765625 0.028046875
0 0.20103125 0.363 0.16365625 0.039609375
0 0.171609375 0.58003125 0.09203125 0.24742187499999999
0 0.173265625 0.74134375 0.07934375 0.075328125