0 0.6078125 0.7484375 0.078125 0.11875
0 0.31640625 0.39765625 0.0625 0.2703125
0 0.33203125 0.6453125 0.0640625 0.1046875
0 0.33203125 0.190625 0.0875 0.0703125
0 0.4296875 0.134375 0.1078125 0.11875
0 0.10625 0.228125 0.0734375 0.0953125
0 0.278125 0.1359375 0.084375 0.065625
0 0.325 0.84765625 0.059375 0.3046875
0 0.61484375 0.61171875 0.075 0.190625
0 0.703125 0.678125 0.084375 0.1109375
0 0.36484375 0.31015625 0.05625 0.15
0 0.67265625 0.87578125 0.0875 0.2015625
0 0.628125 0.43515625 0.0609375 0.103125