0 0.41476562499999997 0.9232968749999999 0.12215625000000001 0.09375
0 0.11184374999999999 0.38864062499999996 0.127421875 0.080703125
0 0.08875 0.615859375 0.1328125 0.08151562500000001
0 0.18101562499999999 0.750953125 0.125359375 0.081921875
0 0.5139843749999999 0.14575 0.176171875 0.131671875
0 0.25625 0.403125 0.1625 0.075
0 0.25625 0.59921875 0.196875 0.0828125
0 0.3375 0.71796875 0.18125 0.0953125
0 0.86953125 0.459375 0.1765625 0.259375
0 0.903125 0.66171875 0.14375 0.1328125
0 0.51015625 0.45 0.1046875 0.090625
0 0.54453125 0.57578125 0.1328125 0.0953125
0 0.5859375 0.6734375 0.1125 0.0875