0 0.31462500000000004 0.3924375 0.157671875 0.055406250000000004
0 0.47195312500000003 0.333453125 0.012078125 0.01775
0 0.33785937499999996 0.1955 0.060281249999999995 0.030390624999999998
0 0.30584375 0.788984375 0.041625 0.033203125
0 0.566765625 0.80965625 0.188921875 0.026984374999999998
0 0.8698124999999999 0.71434375 0.03915625 0.064109375
0 0.8471562499999999 0.852765625 0.019796875 0.028828125
0 0.56778125 0.6876875 0.11976562500000001 0.08571875
0 0.680046875 0.880484375 0.02334375 0.035328125
0 0.68253125 0.975125 0.017984375 0.025046875000000003
0 0.700125 0.9244375 0.02153125 0.04090625
0 0.41815625 0.18784375 0.059921875 0.027609375000000002
0 0.5505 0.9240937499999999 0.0140625 0.01928125
0 0.76465625 0.75709375 0.095359375 0.10004687500000001
0 0.76490625 0.8141562499999999 0.02396875 0.03178125
0 0.674765625 0.7933125000000001 0.08545312499999999 0.048453125
0 0.40903124999999996 0.773515625 0.10004687500000001 0.0943125
0 0.477546875 0.6914374999999999 0.071390625 0.08440625
0 0.8050312500000001 0.621625 0.19175 0.18757812499999998
0 0.6666875 0.6633125 0.08596875000000001 0.0604375
0 0.723484375 0.5640468750000001 0.048453125 0.07971875
0 0.7617812500000001 0.35640625 0.03021875 0.07503125000000001
0 0.743546875 0.45228124999999997 0.01771875 0.0354375
0 0.701078125 0.11828125 0.027609375000000002 0.022921875
0 0.739640625 0.16414062499999998 0.03178125 0.058359375000000005
0 0.75996875 0.260265625 0.01928125 0.11515625
0 0.677109375 0.22535937499999997 0.020328125 0.027609375000000002
0 0.4655625 0.17220312499999998 0.04115625 0.020328125
0 0.558828125 0.602609375 0.01615625 0.063046875
0 0.080765625 0.5022968750000001 0.034390625 0.034390625