0 0.03169230769230769 0.2623214285714286 0.06335897435897436 0.10328571428571429
0 0.03782051282051282 0.3892857142857143 0.07566666666666667 0.13364285714285715
0 0.19269230769230772 0.5707142857142857 0.03771794871794872 0.03642857142857143
0 0.22230769230769232 0.4785714285714286 0.05541025641025641 0.07717857142857143
0 0.1282051282051282 0.4857142857142857 0.015384615384615385 0.02142857142857143
0 0.17692307692307693 0.2571428571428571 0.035897435897435895 0.04285714285714286
0 0.450025641025641 0.43160714285714286 0.05738461538461538 0.08107142857142857
0 0.3535897435897436 0.15285714285714286 0.030794871794871795 0.04289285714285714
0 0.48653846153846153 0.14267857142857143 0.030025641025641026 0.039678571428571424
0 0.5188205128205128 0.21732142857142858 0.03258974358974359 0.047535714285714285
0 0.43205128205128207 0.15 0.08461538461538462 0.14285714285714285
0 0.3154871794871795 0.042 0.1144102564102564 0.041
0 0.7293589743589743 0.015714285714285715 0.06441025641025641 0.03142857142857143
0 0.7691025641025641 0.0925 0.04643589743589743 0.08503571428571428
0 0.8269230769230769 0.05714285714285714 0.04358974358974359 0.08571428571428572
0 0.6673076923076923 0.04285714285714286 0.024384615384615383 0.02857142857142857
0 0.6938461538461539 0.1644642857142857 0.024128205128205127 0.034678571428571434
0 0.6784615384615386 0.20071428571428573 0.02771794871794872 0.044321428571428574
0 0.841 0.5464285714285714 0.10771794871794871 0.125
0 0.8538461538461538 0.3517857142857143 0.12307692307692308 0.26071428571428573
0 0.9444615384615384 0.03732142857142857 0.04594871794871795 0.06182142857142857
0 0.9715384615384615 0.2714285714285714 0.05692307692307692 0.06428571428571428
0 0.9294615384615385 0.22517857142857142 0.05387179487179487 0.08610714285714285
0 0.9453589743589743 0.1375 0.09387179487179487 0.08928571428571429
0 0.9935897435897436 0.5214285714285715 0.01282051282051282 0.02857142857142857
0 0.9935897435897436 0.43392857142857144 0.01282051282051282 0.03571428571428571
0 0.9913846153846153 0.6875 0.017205128205128206 0.060714285714285714
0 0.9896153846153846 0.6082142857142857 0.020794871794871793 0.0757142857142857
0 0.970102564102564 0.49535714285714283 0.03412820512820513 0.04503571428571428
0 0.8660256410256411 0.7482142857142857 0.02182051282051282 0.033607142857142856
0 0.913974358974359 0.8985714285714286 0.02335897435897436 0.031464285714285715
0 0.9220512820512821 0.7788928571428572 0.027692307692307693 0.035
0 0.8593333333333333 0.9 0.035153846153846154 0.04285714285714286
0 0.8517692307692307 0.8428571428571429 0.030282051282051282 0.04285714285714286
0 0.9379487179487179 0.8394642857142858 0.059000000000000004 0.08467857142857144
0 0.6138205128205128 0.8801785714285714 0.09735897435897435 0.10089285714285715
0 0.4897179487179487 0.79125 0.041051282051282056 0.07464285714285714
0 0.4191025641025641 0.6742857142857144 0.10028205128205128 0.13003571428571428
0 0.37076923076923074 0.7926785714285713 0.09438461538461539 0.13967857142857143
0 0.30512820512820515 0.7285714285714285 0.020512820512820513 0.02857142857142857
0 0.23974358974358975 0.8178571428571428 0.01282051282051282 0.02142857142857143
0 0.708974358974359 0.4089285714285714 0.04358974358974359 0.060714285714285714
0 0.7410256410256411 0.475 0.05128205128205128 0.07142857142857142
0 0.6551282051282051 0.44821428571428573 0.08461538461538462 0.09642857142857143
0 0.7628205128205128 0.5589285714285714 0.04871794871794872 0.060714285714285714
0 0.7076923076923077 0.6258928571428571 0.05128205128205128 0.08396428571428571
0 0.7455128205128205 0.6660714285714285 0.01823076923076923 0.022142857142857145
0 0.6935897435897436 0.3625 0.023076923076923078 0.03214285714285714
0 0.6051282051282051 0.4017857142857143 0.015384615384615385 0.02142857142857143
0 0.6205128205128205 0.5 0.015384615384615385 0.02142857142857143
0 0.6492307692307692 0.6385357142857142 0.02858974358974359 0.06346428571428571
0 0.5646410256410257 0.6611428571428571 0.03397435897435897 0.054857142857142854
0 0.40669230769230774 0.3668571428571428 0.051743589743589745 0.06885714285714287
0 0.34451282051282056 0.3620357142857143 0.03707692307692308 0.05703571428571429
0 0.31166666666666665 0.3114642857142857 0.025487179487179486 0.033357142857142856
0 0.8284358974358974 0.1705357142857143 0.04402564102564103 0.08714285714285713
0 0.8948461538461538 0.009678571428571429 0.02858974358974359 0.019357142857142857
0 0.5097948717948718 0.7445 0.0308974358974359 0.04303571428571429
0 0.5735128205128205 0.5712857142857143 0.027025641025641024 0.036571428571428574
0 0.7469230769230769 0.20389285714285715 0.09115384615384614 0.13664285714285715
0 0.938871794871795 0.6546785714285714 0.059487179487179485 0.08928571428571429