0 0.4765625 0.65078125 0.0359375 0.0734375
0 0.44921875 0.5359375 0.1734375 0.071875
0 0.47729687500000006 0.56465625 0.02353125 0.025390625
0 0.478125 0.86171875 0.0171875 0.0234375
0 0.0265625 0.46875 0.0125 0.0234375
0 0.24609375 0.67890625 0.0640625 0.1921875
0 0.32109375 0.609375 0.0921875 0.1625
0 0.1860625 0.43615624999999997 0.11728125 0.087484375
0 0.19271875 0.3901875 0.0570625 0.038671875
0 0.1635625 0.382265625 0.05959375 0.054515625
0 0.09762499999999999 0.439953125 0.069734375 0.0570625
0 0.197796875 0.66184375 0.043109375 0.021546875
0 0.18226562500000001 0.6066874999999999 0.032328125 0.021546875
0 0.22759374999999998 0.544875 0.044375 0.038671875
0 0.27259375 0.49701562499999996 0.051984375000000006 0.173703125
0 0.47292187500000005 0.218390625 0.15975 0.11854687500000001
0 0.84759375 0.135984375 0.098890625 0.091921875
0 0.766765625 0.173390625 0.062765625 0.052625
0 0.7008281249999999 0.198421875 0.070375 0.069734375
0 0.609859375 0.251359375 0.115375 0.10587500000000001
0 0.494796875 0.30270312499999996 0.113484375 0.112203125
0 0.41776562500000003 0.32521875 0.0355 0.1103125
0 0.31696875 0.357234375 0.180046875 0.198421875
0 0.33440625 0.48465625 0.0931875 0.058953124999999995
0 0.50271875 0.539171875 0.026625 0.023453125
0 0.47767187499999997 0.47260937500000005 0.02471875 0.02471875
0 0.6193593749999999 0.335359375 0.06846875 0.0570625
0 0.550265625 0.36484375 0.06085937500000001 0.06021875
0 0.4871875 0.3984375 0.06021875 0.058953124999999995
0 0.42315625 0.4380625 0.06403125 0.069734375