0 0.155890625 0.132109375 0.034265625 0.026234374999999997
0 0.42176562500000003 0.14840625000000002 0.0385 0.026796874999999998
0 0.48246874999999995 0.09825 0.029984375 0.025640625
0 0.651453125 0.23096875 0.0303125 0.020624999999999998
0 0.297953125 0.452828125 0.116890625 0.13674999999999998
0 0.601703125 0.507453125 0.0309375 0.0231875
0 0.632390625 0.772875 0.05909375 0.055109375
0 0.199578125 0.742890625 0.0411875 0.0255625
0 0.279828125 0.88565625 0.042609375 0.08096875
0 0.3203125 0.949578125 0.032671875 0.046875
0 0.19228125000000001 0.397359375 0.041390625 0.030703124999999998
0 0.1975 0.44701562499999997 0.023109374999999998 0.01846875
0 0.22159374999999998 0.512078125 0.02840625 0.055390625000000006
0 0.322859375 0.577953125 0.0540625 0.05254687500000001
0 0.374640625 0.5796718750000001 0.04340625 0.065109375
0 0.42000000000000004 0.456234375 0.136671875 0.147859375
0 0.492 0.438734375 0.026750000000000003 0.0243125
0 0.40784374999999995 0.551578125 0.067609375 0.049609375
0 0.451859375 0.12281249999999999 0.032109375 0.026750000000000003
0 0.337796875 0.279921875 0.0335625 0.026750000000000003
0 0.566890625 0.22471875 0.031609375 0.0243125
0 0.505375 0.2706875 0.11673437499999999 0.12987500000000002
0 0.51071875 0.344609375 0.029187499999999998 0.028703125000000003
0 0.4178125 0.31153125 0.125484375 0.14056249999999998
0 0.33975 0.35678125 0.057874999999999996 0.066640625
0 0.249515625 0.5206875 0.019453124999999998 0.02578125
0 0.27018749999999997 0.5352812499999999 0.027718749999999997 0.023828125
0 0.49834375 0.05290625 0.027078124999999998 0.021328125
0 0.6505156249999999 0.20220312499999998 0.01640625 0.017234375
0 0.23440625 0.344328125 0.0168125 0.016
0 0.5118750000000001 0.368328125 0.010671875 0.017234375
0 0.5059375 0.38493750000000004 0.037328125000000004 0.011078125
0 0.579140625 0.247734375 0.02296875 0.018875
0 0.5715625 0.41118750000000004 0.023375 0.01928125
0 0.575453125 0.32915625 0.013125000000000001 0.015171875000000001
0 0.37728125 0.660234375 0.017812500000000002 0.01571875
0 0.46059374999999997 0.554125 0.018859375 0.03615625
0 0.471859375 0.5881875 0.01625 0.01625