0 0.1368125 0.922046875 0.038484375 0.030093750000000002
0 0.27503125 0.823015625 0.04059375 0.0321875
0 0.33628125 0.796765625 0.05109375000000001 0.037093749999999995
0 0.6340625 0.605015625 0.069984375 0.080484375
0 0.734484375 0.6060625 0.055281250000000004 0.0461875
0 0.64490625 0.44615625000000003 0.074890625 0.046890625000000005
0 0.8877499999999999 0.387015625 0.073484375 0.029390624999999997
0 0.4751875 0.43915625 0.0531875 0.0426875
0 0.42024999999999996 0.139625 0.08328125 0.053890625000000004
0 0.23790624999999999 0.38668749999999996 0.321421875 0.3284375
0 0.19732812500000002 0.22018749999999998 0.0433125 0.029671874999999997
0 0.098609375 0.17875000000000002 0.038078125000000004 0.016375
0 0.3856875 0.21568749999999998 0.0495 0.0209375
0 0.55790625 0.345015625 0.09517187499999999 0.1665625
0 0.534546875 0.25528125 0.028937499999999998 0.030078125
0 0.589375 0.24290625000000002 0.0335 0.03503125
0 0.7135 0.12240625000000001 0.047203125 0.033890625
0 0.696171875 0.146390625 0.020171875 0.017890625
0 0.7224375000000001 0.162375 0.0460625 0.036171875
0 0.680375 0.1955 0.04340625 0.0453125
0 0.64915625 0.22425 0.023609375 0.025124999999999998
0 0.648765625 0.12696875000000002 0.051015624999999995 0.048359374999999996
0 0.689125 0.10298437499999999 0.028937499999999998 0.02475
0 0.5722343750000001 0.0744375 0.05559375 0.0376875
0 0.6072656249999999 0.11060937500000001 0.02665625 0.0369375
0 0.636390625 0.0748125 0.07271875 0.0620625
0 0.561203125 0.12468749999999999 0.06471875 0.0453125
0 0.511890625 0.08985937499999999 0.041499999999999995 0.029703125000000004
0 0.446984375 0.065109375 0.044921875 0.0335
0 0.47725 0.109078125 0.041499999999999995 0.0376875
0 0.50828125 0.14696875 0.05254687500000001 0.025890625
0 0.344375 0.156296875 0.066625 0.065109375
0 0.16695312499999998 0.179515625 0.061296874999999994 0.042265625
0 0.22976562500000003 0.150578125 0.0460625 0.0209375
0 0.28403125 0.13953125 0.046453125 0.02703125
0 0.27945312499999997 0.17875000000000002 0.0373125 0.036171875
0 0.22634375 0.1953125 0.05292187499999999 0.015984375000000002
0 0.05653125 0.07634375 0.038453125 0.029312500000000002
0 0.079375 0.32 0.04378125 0.032359375
0 0.094796875 0.28421875 0.044171875 0.034640625
0 0.175515625 0.32553125 0.025124999999999998 0.015234375
0 0.11668750000000001 0.32953125 0.01865625 0.017140625
0 0.14715625000000002 0.3278125 0.020171875 0.015984375000000002
0 0.4570625 0.20350000000000001 0.113078125 0.111546875
0 0.735765625 0.33853125 0.055078125 0.06803125
0 0.84146875 0.344 0.054265625 0.050624999999999996
0 0.885203125 0.354921875 0.042921875 0.026328125
0 0.91375 0.36646875 0.027937499999999997 0.013765625
0 0.623 0.329625 0.05871875 0.055078125
0 0.639796875 0.375984375 0.06559374999999999 0.049
0 0.682328125 0.34825 0.02753125 0.015390625
0 0.569546875 0.48451562499999995 0.041703125 0.029562500000000002
0 0.6114531249999999 0.493421875 0.03725 0.028749999999999998
0 0.5393749999999999 0.447859375 0.08909375 0.053453125000000004
0 0.4490625 0.33464062499999997 0.11542187500000001 0.16403125000000002
0 0.4095625 0.430078125 0.074921875 0.064296875
0 0.442703125 0.5650000000000001 0.0351875 0.067484375
0 0.413875 0.6593125 0.03403125 0.027687499999999997
0 0.8450468750000001 0.611140625 0.018453125 0.017875
0 0.8975312499999999 0.663640625 0.036921875 0.0201875
0 0.8257187500000001 0.65325 0.02365625 0.0201875
0 0.5364375 0.214859375 0.018453125 0.01903125