0 0.733421875 0.38828125 0.054468749999999996 0.043796875
0 0.6970156249999999 0.10359375 0.040078125 0.031984374999999995
0 0.570171875 0.8404999999999999 0.057984375 0.061750000000000006
0 0.530890625 0.8743281250000001 0.0376875 0.045359375
0 0.9548593750000001 0.575640625 0.0325 0.04215625
0 0.90178125 0.614078125 0.108671875 0.073796875
0 0.9480000000000001 0.69075 0.028921875000000003 0.038796874999999995
0 0.992421875 0.6581718750000001 0.013921875 0.02025
0 0.894109375 0.67340625 0.0273125 0.036421875
0 0.8883906250000001 0.699890625 0.035265625 0.040015625
0 0.8079218750000001 0.585921875 0.02759375 0.045156249999999995
0 0.744921875 0.647375 0.040531250000000005 0.0480625
0 0.73125 0.666734375 0.041328125 0.03646875
0 0.886359375 0.813640625 0.22189062499999998 0.1978125
0 0.696984375 0.7434375 0.07353125 0.069921875
0 0.67240625 0.85021875 0.208890625 0.127265625
0 0.7106874999999999 0.790828125 0.018328125 0.023765625000000002
0 0.674984375 0.683390625 0.04684375 0.036625000000000005
0 0.64715625 0.54359375 0.030265625 0.068765625
0 0.702921875 0.594546875 0.046546875 0.07278124999999999
0 0.655671875 0.595984375 0.046453125 0.053421874999999994
0 0.699453125 0.63446875 0.029187499999999998 0.034609375
0 0.591625 0.44651562499999997 0.052359375 0.0745625
0 0.6212500000000001 0.486265625 0.035562500000000004 0.0263125
0 0.59275 0.536359375 0.041890625 0.049421875
0 0.5686093750000001 0.519515625 0.028359375 0.048375
0 0.49459375000000005 0.337 0.06384375 0.065609375
0 0.38675000000000004 0.49828124999999995 0.187015625 0.3676875
0 0.4415 0.326921875 0.068703125 0.09035937499999999
0 0.5074062500000001 0.39784375 0.09929687499999999 0.054031249999999996
0 0.517625 0.44396874999999997 0.056671875000000003 0.0421875
0 0.47609375 0.44990625 0.037953125 0.051734375
0 0.511484375 0.490953125 0.07540625 0.061203125000000004
0 0.9831875 0.11664062500000001 0.033625 0.054890625000000005