0 0.17178125 0.40828125000000004 0.048046875 0.0478125
0 0.27509375 0.355984375 0.10357812500000001 0.11256250000000001
0 0.201625 0.631296875 0.10715625 0.16259375
0 0.32040625 0.691484375 0.079703125 0.101265625
0 0.25606249999999997 0.534265625 0.05859375 0.06
0 0.37459375 0.45225 0.0850625 0.070234375
0 0.5394062500000001 0.49065624999999996 0.097484375 0.08403125
0 0.389421875 0.6402187500000001 0.040578125 0.044484375
0 0.399515625 0.72509375 0.04015625 0.056015625
0 0.327828125 0.23137500000000003 0.11925 0.10189062499999998
0 0.396921875 0.07976562499999999 0.17098437500000002 0.15953124999999999
0 0.6014062499999999 0.052296875 0.15475 0.10459375
0 0.581921875 0.162796875 0.067171875 0.064875
0 0.029328125 0.7442656249999999 0.058671875 0.11164062500000001
0 0.09178125000000001 0.8682343749999999 0.18356250000000002 0.12050000000000001
0 0.128703125 0.741515625 0.07209375 0.092546875
0 0.107671875 0.245734375 0.069234375 0.096734375
0 0.19934375 0.268953125 0.07273437499999999 0.07465625000000001
0 0.52778125 0.320796875 0.06590625 0.06846875
0 0.41121875 0.279609375 0.10895312500000001 0.17034375
0 0.315234375 0.552203125 0.042078125 0.07796875
0 0.9430156249999999 0.8316250000000001 0.053890625000000004 0.07675
0 0.6490625 0.25190625 0.05 0.062296874999999995
0 0.46828125 0.462515625 0.032828125 0.03378125
0 0.49509375 0.552125 0.037703125 0.05440625
0 0.201953125 0.115328125 0.12262500000000001 0.04534375
0 0.24834375 0.46228125000000003 0.066328125 0.05759375