0 0.088125 0.4564814814814815 0.04416666666666667 0.07059259259259258
0 0.2152916666666667 0.3275925925925926 0.026333333333333334 0.05077777777777778
0 0.2804375 0.46722222222222226 0.0513125 0.08248148148148148
0 0.6034583333333334 0.07814814814814815 0.021854166666666668 0.03885185185185185
0 0.6944791666666668 0.25344444444444447 0.054875 0.07692592592592593
0 0.5090208333333334 0.8483333333333334 0.026333333333333334 0.03981481481481482
0 0.41864583333333333 0.9548888888888889 0.059333333333333335 0.08522222222222223
0 0.37877083333333333 0.497 0.06129166666666667 0.08311111111111112
0 0.45275 0.264 0.053375 0.055851851851851854
0 0.52675 0.21862962962962965 0.08445833333333333 0.08048148148148149
0 0.6272708333333333 0.2724074074074074 0.027375 0.04262962962962963
0 0.6411041666666667 0.3715185185185185 0.049666666666666665 0.04744444444444445
0 0.6044583333333333 0.6499259259259259 0.04797916666666667 0.06607407407407408
0 0.7654791666666667 0.7194074074074075 0.05241666666666667 0.06407407407407407
0 0.6860625 0.5624444444444445 0.06564583333333333 0.11296296296296296
0 0.4769791666666666 0.640925925925926 0.035333333333333335 0.06281481481481482
0 0.4886666666666667 0.5567037037037037 0.087375 0.09018518518518519
0 0.6431666666666668 0.6595185185185185 0.035333333333333335 0.07211111111111111