0 0.9266406249999999 0.32614062499999996 0.05923437499999999 0.06534375
0 0.77890625 0.21328125 0.0421875 0.0546875
0 0.800421875 0.162640625 0.046875 0.04971875
0 0.7119375 0.4365 0.08125 0.088640625
0 0.600421875 0.30460937499999996 0.0880625 0.093609375
0 0.6708125 0.379265625 0.027703125000000002 0.032671875
0 0.836640625 0.345171875 0.02840625 0.035515625
0 0.59090625 0.43039062499999997 0.026984374999999998 0.01278125
0 0.6306875 0.416546875 0.0213125 0.024859375
0 0.6171875 0.37003125 0.022734375 0.022734375
0 0.23224999999999998 0.130046875 0.04659375 0.068609375
0 0.62215625 0.20007812500000002 0.049140625 0.033375
0 0.34140625 0.46640625 0.2578125 0.3796875
0 0.45248437499999994 0.57265625 0.069453125 0.066046875
0 0.14971874999999998 0.037359375 0.065625 0.07273437499999999
0 0.23359375 0.88125 0.0390625 0.09375
0 0.36875 0.7921875 0.025 0.06875
0 0.53125 0.365625 0.128125 0.071875
0 0.34140625 0.2484375 0.0390625 0.065625