0 0.16015625 0.702247191011236 0.12109375 0.11235955056179775
0 0.434873046875 0.523061797752809 0.098603515625 0.09410112359550561
0 0.34326171875 0.6299157303370787 0.0595703125 0.0800561797752809
0 0.21728515625 0.8286516853932584 0.0400390625 0.08707865168539326
0 0.44634765625 0.5984550561797753 0.041396484375 0.06095505617977528
0 0.571865234375 0.6462219101123595 0.027724609375 0.0348876404494382
0 0.471103515625 0.707808988764045 0.140615234375 0.13601123595505618
0 0.52755859375 0.5292977528089888 0.054619140625 0.09101123595505617
0 0.349638671875 0.835435393258427 0.1083203125 0.0873314606741573
0 0.4420703125 0.830435393258427 0.05201171875 0.08921348314606742
0 0.34525390625 0.5091713483146068 0.0764453125 0.10273876404494382
0 0.280087890625 0.5384550561797753 0.0476171875 0.08200842696629214
0 0.601845703125 0.5749578651685393 0.035712890625 0.10273876404494382
0 0.117177734375 0.7759129213483147 0.025068359375 0.07570224719101123
0 0.16197265625 0.8466573033707866 0.029453125 0.06398876404494383
0 0.4752734375 0.4514887640449438 0.03947265625 0.03964887640449438
0 0.760068359375 0.6533567415730337 0.29826171875 0.4289606741573034
0 0.80205078125 0.4379775280898876 0.0764453125 0.08290730337078651
0 0.87849609375 0.48077247191011235 0.0751953125 0.09823033707865168