0 0.77403125 0.27109375 0.057421875 0.070390625
0 0.7507343750000001 0.3160625 0.04403125 0.087171875
0 0.722546875 0.392984375 0.042078125 0.06509374999999999
0 0.713390625 0.46331249999999996 0.04990625 0.068171875
0 0.6839999999999999 0.56709375 0.06515625 0.12073437499999999
0 0.717265625 0.23515625 0.032609375 0.042046875
0 0.68421875 0.2775625 0.035109375 0.069390625
0 0.6697968750000001 0.339890625 0.029125 0.054718750000000003
0 0.655109375 0.38801562500000003 0.028046875 0.04559375
0 0.6330625000000001 0.4425625 0.037296875 0.060640625000000004
0 0.631421875 0.519203125 0.02584375 0.094640625
0 0.63871875 0.583171875 0.029765625 0.035328125
0 0.610140625 0.5881093749999999 0.0335625 0.0721875
0 0.596 0.6538125 0.026296874999999997 0.050765625
0 0.648140625 0.638671875 0.0489375 0.063609375
0 0.641875 0.6950000000000001 0.030984374999999998 0.054328125000000005
0 0.6271875 0.7457812500000001 0.029890624999999997 0.0453125
0 0.6129687500000001 0.788453125 0.03740625 0.047078125
0 0.61003125 0.8494531249999999 0.025 0.074140625