0 0.801390625 0.68853125 0.0395625 0.057703125
0 0.4208125 0.59534375 0.054890625000000005 0.095703125
0 0.292390625 0.395484375 0.068265625 0.10132812499999999
0 0.555890625 0.39871875 0.09226562499999999 0.088640625
0 0.60421875 0.13773437500000002 0.0315625 0.04140625
0 0.746671875 0.671109375 0.064453125 0.058125
0 0.8366562500000001 0.5765625 0.03428125 0.029671874999999997
0 0.7849062499999999 0.52546875 0.034937499999999996 0.030328125
0 0.47173437500000004 0.52909375 0.0323125 0.036265625
0 0.49778124999999995 0.615125 0.040875 0.035609375
0 0.43810937499999997 0.528765625 0.02834375 0.035609375
0 0.36789062499999997 0.43810937499999997 0.08834375 0.044171875
0 0.374484375 0.486234375 0.029015625 0.037578125000000004
0 0.025015625000000003 0.036765625 0.050015624999999994 0.07353125
0 0.03875 0.087609375 0.021203125 0.02815625
0 0.007953125 0.1144375 0.01590625 0.031468750000000004
0 0.06293750000000001 0.06690625 0.017218749999999998 0.02715625
0 0.0624375 0.09539062499999999 0.016890625 0.024515625
0 0.07965625 0.100859375 0.020203125 0.043390625
0 0.1073125 0.09125 0.017218749999999998 0.029484375
0 0.080484375 0.05746875 0.015234375 0.019546875
0 0.102515625 0.03875 0.01821875 0.02584375
0 0.11709375 0.026671875 0.014249999999999999 0.019546875
0 0.13315625 0.018390625 0.015234375 0.02153125
0 0.158328125 0.01390625 0.017890625 0.026500000000000003
0 0.03096875 0.16396875 0.046046875 0.031796875
0 0.080984375 0.176046875 0.020203125 0.033453125
0 0.143921875 0.11096874999999999 0.023515625000000002 0.03378125
0 0.17190624999999998 0.095890625 0.02384375 0.032125
0 0.112453125 0.14409375 0.060609375 0.04371875
0 0.10748437500000001 0.185328125 0.025500000000000002 0.0553125
0 0.14871875 0.23303124999999997 0.054984374999999995 0.103671875
0 0.19840625 0.22357812500000002 0.0430625 0.04040625
0 0.0840625 0.318875 0.168125 0.16343749999999999
0 0.10600000000000001 0.263328125 0.027828125 0.047703125
0 0.1939375 0.269625 0.025500000000000002 0.042390625
0 0.232203125 0.301921875 0.0496875 0.083796875
0 0.1730625 0.172078125 0.02153125 0.025500000000000002
0 0.23103125000000002 0.1078125 0.034125 0.060609375
0 0.22523437500000001 0.060781249999999995 0.01921875 0.0308125
0 0.2668125 0.064265625 0.026828125 0.038421875
0 0.29562499999999997 0.150546875 0.0308125 0.03478125
0 0.31946875 0.176375 0.02484375 0.034125
0 0.3453125 0.182171875 0.020874999999999998 0.027828125
0 0.36965625 0.17671874999999998 0.024515625 0.038093749999999996
0 0.277078125 0.20404687500000002 0.05134375 0.046375
0 0.2336875 0.203375 0.036109375 0.024515625
0 0.30415625 0.074046875 0.049375 0.0414375
0 0.147578125 0.45465625000000004 0.165421875 0.10595312500000001
0 0.363015625 0.056765625 0.14109375 0.11353125
0 0.44167187500000005 0.134609375 0.0724375 0.055140625
0 0.5016875 0.143796875 0.04325 0.046484375
0 0.49195312500000005 0.074875 0.092984375 0.10325
0 0.5606093750000001 0.055140625 0.038921875 0.078921875
0 0.6681874999999999 0.01703125 0.025953125 0.031890625
0 0.64115625 0.036484375 0.0324375 0.0340625
0 0.6125 0.0673125 0.021625 0.02325
0 0.064609375 0.134875 0.015671875 0.031890625
0 0.25678125 0.5911562499999999 0.21625 0.170296875
0 0.3370625 0.70225 0.164890625 0.050812500000000003
0 0.3919375 0.754953125 0.203265625 0.057843750000000006
0 0.45925000000000005 0.803609375 0.172453125 0.038390625
0 0.506 0.8392968749999999 0.165421875 0.027578125
0 0.593046875 0.892 0.23678125 0.07028124999999999
0 0.800640625 0.7668437499999999 0.044328125 0.056765625
0 0.855515625 0.84659375 0.025406250000000002 0.036765625
0 0.792265625 0.914703125 0.044875 0.02703125
0 0.671703125 0.574390625 0.081625 0.07731249999999999
0 0.5130312499999999 0.5722343750000001 0.025953125 0.02865625
0 0.55359375 0.61834375 0.015109375 0.0338125
0 0.584671875 0.611421875 0.022171875 0.02703125
0 0.38059375 0.146234375 0.061625 0.06540625
0 0.49790625000000005 0.221921875 0.089734375 0.1173125
0 0.549796875 0.303828125 0.062703125 0.089734375
0 0.7198125 0.18271874999999999 0.052437500000000005 0.028109375
0 0.74521875 0.082171875 0.022171875 0.036765625
0 0.773875 0.10623437499999999 0.032984374999999996 0.038390625
0 0.8725468749999999 0.11434375000000001 0.04109375 0.058921875
0 0.917140625 0.184078125 0.047031250000000004 0.069734375
0 0.856859375 0.165421875 0.084328125 0.073515625
0 0.9241718750000001 0.24625 0.044875 0.0491875
0 0.9635624999999999 0.33165625 0.072859375 0.12056249999999999
0 0.9636250000000001 0.24867187500000001 0.043796875 0.060546875
0 0.9328125 0.132984375 0.035140624999999995 0.0324375
0 0.249640625 0.45934375000000005 0.021578125 0.09425
0 0.737765625 0.9201406249999999 0.048203125 0.023015625
0 0.725171875 0.8938750000000001 0.020140625000000002 0.023734375
0 0.7107812499999999 0.6295 0.059 0.023015625
0 0.59315625 0.461515625 0.0338125 0.03525
0 0.612234375 0.494234375 0.02590625 0.03021875
0 0.629140625 0.52265625 0.023734375 0.019421874999999998
0 0.22949999999999998 0.176265625 0.024453125 0.020140625000000002
0 0.25790625 0.160796875 0.016546875 0.026625