0 0.7375 0.4578125 0.134375 0.15
0 0.8109375 0.815625 0.175 0.10625
0 0.8453125 0.89296875 0.08125 0.0515625
0 0.678125 0.896875 0.06875 0.040625
0 0.34375 0.43671875 0.0875 0.0765625
0 0.403125 0.4921875 0.065625 0.06875
0 0.75546875 0.64765625 0.1609375 0.0921875
0 0.76015625 0.734375 0.0828125 0.103125
0 0.61484375 0.61640625 0.1359375 0.0703125
0 0.4734375 0.59296875 0.096875 0.0859375
0 0.37734375 0.7203125 0.1640625 0.21875
0 0.546875 0.8234375 0.221875 0.06875
0 0.1125 0.6234375 0.21875 0.0625
0 0.17734375 0.51171875 0.1078125 0.0515625
0 0.26171875 0.5484375 0.0453125 0.034375
0 0.16484375 0.76484375 0.0765625 0.0296875
0 0.62578125 0.74765625 0.0921875 0.0609375
0 0.51328125 0.73515625 0.0765625 0.1078125