0 0.30596875 0.399609375 0.363015625 0.4010625
0 0.1383125 0.49601562499999996 0.027171875 0.031125000000000003
0 0.09996875 0.419125 0.0273125 0.028953125000000003
0 0.071921875 0.447359375 0.031859375 0.035812500000000004
0 0.10746875 0.2876875 0.2149375 0.24231250000000001
0 0.456640625 0.35978125 0.1231875 0.097265625
0 0.37753125 0.103125 0.089265625 0.088921875
0 0.486625 0.16273437500000001 0.153390625 0.07365625
0 0.601703125 0.2046875 0.09184375 0.06621875
0 0.625921875 0.269296875 0.057140625 0.0605625
0 0.50171875 0.251265625 0.0375625 0.10446875
0 0.516921875 0.42712500000000003 0.037921875 0.037093749999999995