0 0.4046875 0.4828125 0.021875 0.025
0 0.81328125 0.6984375 0.03125 0.040625
0 0.7193906250000001 0.625609375 0.084078125 0.15190625
0 0.57109375 0.7859375 0.2265625 0.165625
0 0.6453125 0.8296875 0.0765625 0.246875
0 0.6062031250000001 0.396 0.046921875 0.0581875
0 0.5930625 0.45137499999999997 0.0713125 0.054421874999999995
0 0.64609375 0.33265625 0.045984375 0.061
0 0.62590625 0.24539062500000003 0.11073437500000001 0.09103125
0 0.765734375 0.5198750000000001 0.046921875 0.056296875
0 0.466390625 0.32703125 0.056296875 0.053484374999999994
0 0.538640625 0.287625 0.056296875 0.081640625
0 0.52596875 0.367375 0.045984375 0.074140625
0 0.45653125 0.1055625 0.14545312500000002 0.10415624999999999
0 0.592125 0.11776562500000001 0.086328125 0.1304375
0 0.829078125 0.41853125 0.077890625 0.15578125
0 0.3505 0.3551875 0.09478125 0.087265625
0 0.346734375 0.272609375 0.019703125 0.089140625
0 0.531609375 0.513765625 0.077890625 0.08351562500000001
0 0.597765625 0.5513125 0.043171875 0.049734375
0 0.655 0.59071875 0.06381250000000001 0.051609375
0 0.653125 0.49453125 0.0619375 0.0600625
0 0.3664375 0.089609375 0.03471875 0.053484374999999994
0 0.36175 0.17970312500000002 0.045984375 0.085390625
0 0.670953125 0.06053125 0.0731875 0.03846875
0 0.81171875 0.33595312499999996 0.056296875 0.0619375
0 0.727734375 0.348609375 0.10979687499999999 0.049734375
0 0.670484375 0.38615625 0.042234375000000005 0.03846875
0 0.8483124999999999 0.280578125 0.031906250000000004 0.118234375
0 0.7403906250000001 0.093375 0.0675625 0.03846875
0 0.7798125 0.12903125 0.045046875 0.025343749999999998
0 0.80984375 0.16421875 0.046921875 0.03940625
0 0.8295468749999999 0.205515625 0.03565625 0.041296875
0 0.78496875 0.6484375 0.044109375 0.06381250000000001