0 0.3049375 0.412828125 0.058890624999999995 0.039125
0 0.228546875 0.443921875 0.0189375 0.010703124999999999
0 0.250375 0.45525000000000004 0.022234375 0.01440625
0 0.23821875 0.47831250000000003 0.025124999999999998 0.017703125
0 0.50321875 0.450296875 0.029656250000000002 0.030890624999999998
0 0.47109375 0.543171875 0.041999999999999996 0.033765625
0 0.433015625 0.53471875 0.02265625 0.02265625
0 0.5406875 0.577546875 0.016468749999999997 0.026765624999999998
0 0.543984375 0.608234375 0.019765625000000002 0.019765625000000002
0 0.6067812499999999 0.58475 0.0160625 0.019765625000000002
0 0.630671875 0.535546875 0.01853125 0.025124999999999998
0 0.59690625 0.542953125 0.0119375 0.015234375
0 0.606375 0.52834375 0.016890625 0.016468749999999997
0 0.6426093749999999 0.564984375 0.015234375 0.015640625
0 0.668765625 0.60390625 0.016468749999999997 0.01853125
0 0.6940937500000001 0.61934375 0.020171875 0.023890625
0 0.75071875 0.6125468749999999 0.015640625 0.021828125
0 0.7671875 0.6035 0.02553125 0.02759375
0 0.7908593749999999 0.6111093750000001 0.0300625 0.031296875
0 0.827921875 0.6232656249999999 0.02265625 0.02265625
0 0.869515625 0.617078125 0.0160625 0.020999999999999998
0 0.784484375 0.6598124999999999 0.07659375 0.07765625000000001
0 0.84315625 0.6654687499999999 0.042421875 0.053531249999999996
0 0.718171875 0.660734375 0.032937499999999995 0.034999999999999996
0 0.6526875000000001 0.66025 0.021515625 0.021515625
0 0.6769999999999999 0.6475625 0.02553125 0.029234375
0 0.678859375 0.751328125 0.017703125 0.021828125
0 0.702734375 0.686875 0.020999999999999998 0.03046875
0 0.712 0.69965625 0.017296875 0.014828125000000001
0 0.731765625 0.71159375 0.028000000000000004 0.023890625
0 0.785296875 0.720234375 0.014828125000000001 0.016468749999999997
0 0.6140156250000001 0.6535624999999999 0.0174375 0.022093750000000002
0 0.632625 0.65734375 0.015125 0.01453125
0 0.7410625 0.683796875 0.02034375 0.0209375
0 0.881484375 0.6404687499999999 0.022093750000000002 0.02034375
0 0.46603125 0.7012343750000001 0.0343125 0.022093750000000002
0 0.5875625 0.7704375 0.016859375 0.0325625
0 0.5602343750000001 0.688734375 0.012203124999999999 0.01453125
0 0.582328125 0.62390625 0.016859375 0.024421875000000003
0 0.077984375 0.439515625 0.050234375 0.0356875
0 0.379625 0.4719375 0.015078125000000001 0.013859374999999998
0 0.80884375 0.6993437499999999 0.020765625 0.032890625
0 0.826125 0.703484375 0.0206875 0.0435
0 0.8550156250000001 0.699203125 0.03565625 0.01640625