0 0.989453125 0.9098750000000001 0.02109375 0.030390624999999998
0 0.9901249999999999 0.97134375 0.019734375000000002 0.0573125
0 0.966203125 0.9306093750000001 0.012390624999999999 0.1135
0 0.9705625 0.9919375 0.0143125 0.016125
0 0.9051875 0.9279999999999999 0.058125 0.09846875000000001
0 0.581890625 0.939390625 0.061812500000000006 0.121234375
0 0.2758125 0.9377812499999999 0.551625 0.1244375
0 0.747484375 0.939015625 0.25192187499999996 0.12198437499999999
0 0.897421875 0.988609375 0.0576875 0.02278125
0 0.34782812500000004 0.74403125 0.0695625 0.0909375
0 0.29315625 0.539546875 0.04415625 0.118234375
0 0.259171875 0.717234375 0.090734375 0.126109375
0 0.55171875 0.559078125 0.04575 0.101703125
0 0.452359375 0.761796875 0.072109375 0.056671875000000003
0 0.40003124999999995 0.3585625 0.0548125 0.09553125
0 0.272578125 0.30053125 0.024578125 0.037046875
0 0.488671875 0.696453125 0.060765625000000004 0.081421875
0 0.553640625 0.753625 0.061343749999999996 0.072078125
0 0.333359375 0.5876406249999999 0.039468750000000004 0.07484375
0 0.428890625 0.688640625 0.034234375 0.04878125
0 0.64725 0.525578125 0.032984374999999996 0.11525
0 0.30789062500000003 0.37359375 0.027125 0.046156249999999996
0 0.357890625 0.68503125 0.01365625 0.038171875
0 0.8893125 0.7721250000000001 0.03371875 0.029656250000000002
0 0.5525781249999999 0.667984375 0.026296874999999997 0.03925