0 0.6624218749999999 0.6871875000000001 0.02703125 0.025312499999999998
0 0.416578125 0.7506875 0.055296875 0.021828125
0 0.49664062500000006 0.6653125 0.03234375 0.0309375
0 0.14815625 0.7751718750000001 0.074140625 0.026578125
0 0.332578125 0.6386875 0.1209375 0.11612499999999999
0 0.539625 0.7748125 0.042515625 0.030171874999999997
0 0.323296875 0.547171875 0.050046875000000005 0.0685625
0 0.44157812500000004 0.5416875 0.0260625 0.038390625
0 0.37712500000000004 0.44020312500000003 0.14810937500000002 0.094625
0 0.263296875 0.428203125 0.063078125 0.03634375
0 0.276671875 0.48168749999999994 0.03496875 0.030859375
0 0.49985937500000005 0.419640625 0.094625 0.054859375
0 0.5896874999999999 0.46214062499999997 0.090515625 0.10834375
0 0.602375 0.548546875 0.10628125 0.054859375
0 0.63596875 0.37506249999999997 0.073375 0.096
0 0.7717343750000001 0.43814062500000006 0.20090625 0.20295312499999998
0 0.489921875 0.35998437499999997 0.0911875 0.054859375