0 0.4643333333333333 0.5651785714285714 0.5732307692307692 0.5036785714285714
0 0.6102564102564103 0.7892857142857143 0.010256410256410256 0.025
0 0.7128205128205128 0.26964285714285713 0.046153846153846156 0.08571428571428572
0 0.45897435897435895 0.2571428571428571 0.023076923076923078 0.02857142857142857
0 0.43333333333333335 0.2642857142857143 0.02564102564102564 0.02857142857142857
0 0.774051282051282 0.36846428571428574 0.05856410256410256 0.10446428571428572
0 0.8706153846153847 0.2854642857142857 0.06471794871794871 0.11303571428571428
0 0.8839743589743589 0.17314285714285713 0.03594871794871795 0.04007142857142857
0 0.8177179487179488 0.23035714285714284 0.04725641025641025 0.05725
0 0.2706923076923077 0.36989285714285713 0.1243076923076923 0.19317857142857145
0 0.15202564102564103 0.46003571428571427 0.07807692307692307 0.05292857142857143
0 0.14843589743589744 0.6574642857142857 0.18387179487179486 0.16742857142857143
0 0.8526410256410256 0.6853928571428571 0.20135897435897437 0.09728571428571428
0 0.060384615384615384 0.16453571428571429 0.029 0.02792857142857143