0 0.782609375 0.921703125 0.028375 0.08590624999999999
0 0.2856875 0.19664062499999999 0.05753125 0.10482812500000001
0 0.58478125 0.11190625000000001 0.037828125000000004 0.157625
0 0.36648437500000003 0.0866875 0.064625 0.16865625
0 0.44410937500000003 0.08275 0.048078125 0.16078125000000001
0 0.51503125 0.081578125 0.044921875 0.15840625
0 0.596609375 0.27071875 0.11821875 0.1615625
0 0.637203125 0.4716875 0.0401875 0.213578125
0 0.34965625 0.39025 0.0720625 0.230390625
0 0.435421875 0.288765625 0.15225 0.24867187500000001
0 0.54909375 0.43390625 0.069015625 0.161375
0 0.4364375 0.48464062500000005 0.09134375 0.161375
0 0.444046875 0.805890625 0.037546875 0.13803125