0 0.7366412213740458 0.6276041666666666 0.030534351145038167 0.036458333333333336
0 0.6450381679389313 0.625 0.030534351145038167 0.03125
0 0.7366412213740458 0.625 0.030534351145038167 0.03125
0 0.8301526717557252 0.7369791666666666 0.03435114503816794 0.036458333333333336
0 0.9675572519083969 0.6276041666666666 0.019083969465648856 0.026041666666666668
0 0.6472137404580153 0.21973958333333332 0.20847328244274807 0.17552083333333335
0 0.49236641221374045 0.18489583333333334 0.0916030534351145 0.09895833333333333
0 0.36908396946564886 0.38984375 0.166793893129771 0.09442708333333333
0 0.9942748091603053 0.2864583333333333 0.011450381679389313 0.03125
0 0.9751908396946565 0.3645833333333333 0.03435114503816794 0.052083333333333336
0 0.5222519083969466 0.4449479166666667 0.05507633587786259 0.05234375
0 0.7735114503816793 0.4561979166666667 0.026908396946564883 0.08380208333333333
0 0.8896564885496183 0.5602083333333333 0.029885496183206108 0.04395833333333333
0 0.2311068702290076 0.36078125 0.11267175572519084 0.09203125000000001
0 0.17080152671755724 0.4540104166666667 0.09137404580152672 0.0775
0 0.11354961832061068 0.519375 0.0833969465648855 0.07505208333333334
0 0.05458015267175573 0.615625 0.10912213740458016 0.1246875
0 0.5580534351145039 0.346875 0.20938931297709923 0.16343749999999999
0 0.7580916030534351 0.29661458333333335 0.19606870229007634 0.2518229166666667
0 0.893854961832061 0.33958333333333335 0.15702290076335879 0.1925
0 0.8796564885496183 0.47036458333333336 0.06652671755725191 0.07385416666666667
0 0.9550763358778626 0.54359375 0.05587786259541985 0.06052083333333333
0 0.988854961832061 0.5932291666666667 0.02232824427480916 0.03390625