0 0.8447812499999999 0.40276562499999996 0.047796875 0.037171875
0 0.605015625 0.27878125 0.139859375 0.2084375
0 0.178328125 0.375890625 0.06871875 0.05645312500000001
0 0.39473437499999997 0.9719687499999999 0.0306875 0.029296875
0 0.799796875 0.74475 0.18742187500000002 0.21221874999999998
0 0.8069062499999999 0.822015625 0.032078125 0.039984375
0 0.35 0.29296875 0.06875 0.0671875
0 0.28895312500000003 0.823859375 0.38784375 0.260703125
0 0.078828125 0.664859375 0.15765625 0.188625
0 0.50228125 0.47353125 0.27668750000000003 0.18940625
0 0.538484375 0.37106249999999996 0.072453125 0.058750000000000004
0 0.6775156250000001 0.399453125 0.07440625 0.078328125
0 0.73528125 0.40484375000000006 0.047 0.0675625
0 0.93515625 0.45717187499999995 0.0813125 0.120984375
0 0.29403125 0.411046875 0.118015625 0.07834375
0 0.25040625 0.56278125 0.342125 0.254859375
0 0.12892187500000002 0.42046875000000006 0.04165625 0.02975
0 0.77153125 0.575671875 0.34114062500000003 0.25684375
0 0.55534375 0.71203125 0.273703125 0.239984375
0 0.64409375 0.9138437500000001 0.215203125 0.135859375
0 0.80078125 0.911859375 0.048593750000000005 0.034703125
0 0.50328125 0.873171875 0.048593750000000005 0.058515625
0 0.509234375 0.9564843749999999 0.048593750000000005 0.080328125