0 0.827515625 0.547359375 0.0203125 0.0265625
0 0.84921875 0.35859375 0.0203125 0.025
0 0.796875 0.8203125 0.0203125 0.0265625
0 0.31429687500000003 0.44706250000000003 0.08453125 0.09862499999999999
0 0.262546875 0.47145312500000003 0.027640625000000002 0.03359375
0 0.80309375 0.1931875 0.08453125 0.126265625
0 0.7153125 0.299671875 0.10187500000000001 0.13546875
0 0.5703437499999999 0.33192187500000003 0.18912500000000002 0.20971875
0 0.48473437500000005 0.42675 0.121921875 0.1576875
0 0.781421875 0.6231875 0.055281250000000004 0.07803125
0 0.73590625 0.698234375 0.097546875 0.125171875
0 0.6725 0.756765625 0.04009375 0.034140625
0 0.7315625 0.8161093749999999 0.02384375 0.028171875000000002
0 0.68253125 0.645671875 0.01896875 0.024390625
0 0.730484375 0.596359375 0.022765625 0.025468750000000002
0 0.872453125 0.804453125 0.021671875 0.022218750000000002
0 0.657328125 0.708265625 0.017343749999999998 0.01625
0 0.583359375 0.20809375000000002 0.026546874999999998 0.0411875