0 0.370875 0.12921875 0.12934375 0.15732812499999999
0 0.71196875 0.0631875 0.11509375 0.126375
0 0.74940625 0.21528125 0.069421875 0.15323437499999998
0 0.695390625 0.28678125 0.032921875 0.04653125
0 0.780578125 0.56790625 0.03465625 0.047265625
0 0.750046875 0.615953125 0.031109375 0.041749999999999995
0 0.786078125 0.7728906249999999 0.075609375 0.15714062499999998
0 0.5208437499999999 0.94915625 0.11696875 0.101671875
0 0.7126406249999999 0.3423125 0.072046875 0.082125
0 0.616421875 0.357875 0.0753125 0.05337499999999999
0 0.73946875 0.366625 0.0011875 0.001484375
0 0.815796875 0.33515625 0.1318125 0.09315625
0 0.814203125 0.468453125 0.08209375 0.07278124999999999
0 0.919484375 0.7619687500000001 0.16103125000000001 0.135171875
0 0.9852968750000001 0.91578125 0.029406250000000002 0.1684375
0 0.1685625 0.370671875 0.2479375 0.2925
0 0.367 0.349921875 0.15232812499999998 0.087828125
0 0.20045312499999998 0.110203125 0.180640625 0.220390625
0 0.456640625 0.6677187499999999 0.32771875 0.4641875
0 0.50265625 0.47803125 0.097234375 0.07876562499999999
0 0.60390625 0.44834375 0.07709375 0.017374999999999998
0 0.389640625 0.8676406249999999 0.0830625 0.11573437499999999
0 0.146078125 0.755859375 0.29215625 0.48557812499999997
0 0.683703125 0.917453125 0.126046875 0.16507812500000002
0 0.340859375 0.9489218749999999 0.0899375 0.09634374999999999
0 0.7158125 0.707109375 0.053671875 0.07396875