0 0.9254 0.4066666666666666 0.06143333333333333 0.16922619047619047
0 0.8858999999999999 0.500297619047619 0.03423333333333333 0.027440476190476192
0 0.024666666666666667 0.3261904761904762 0.04933333333333333 0.10136904761904762
0 0.026233333333333334 0.4380357142857143 0.05246666666666667 0.05398809523809524
0 0.030233333333333334 0.6710714285714285 0.06046666666666667 0.08154761904761905
0 0.0728 0.03744047619047619 0.054299999999999994 0.07053571428571428
0 0.0827 0.16696428571428573 0.08393333333333333 0.14654761904761907
0 0.16353333333333334 0.04958333333333333 0.09256666666666667 0.09916666666666667
0 0.2922 0.15041666666666667 0.17586666666666667 0.23029761904761903
0 0.3477333333333333 0.041845238095238095 0.0475 0.08375
0 0.37516666666666665 0.3079761904761905 0.03333333333333333 0.08261904761904762
0 0.427 0.13773809523809524 0.06046666666666667 0.2600595238095238
0 0.6084333333333334 0.3294642857142857 0.07403333333333334 0.25345238095238093
0 0.5448666666666667 0.32839285714285715 0.07653333333333334 0.11898809523809523
0 0.46096666666666664 0.3399404761904762 0.10736666666666667 0.13113095238095238
0 0.4736 0.881547619047619 0.13143333333333332 0.0793452380952381
0 0.5103333333333333 0.5019047619047619 0.04073333333333334 0.034166666666666665
0 0.6359 0.8611309523809523 0.06233333333333333 0.07160714285714286
0 0.8327333333333333 0.9760119047619048 0.0722 0.04791666666666667
0 0.8660666666666667 0.4022023809523809 0.030233333333333334 0.046309523809523814
0 0.5504333333333333 0.08261904761904762 0.05923333333333333 0.06833333333333333
0 0.49179999999999996 0.15041666666666667 0.04566666666666666 0.25011904761904763
0 0.7161000000000001 0.9167857142857143 0.09809999999999999 0.09916666666666667