0 0.789515625 0.7046718750000001 0.07875 0.060109375
0 0.746703125 0.662703125 0.04165625 0.036765625
0 0.8401406250000001 0.6693125 0.03021875 0.02153125
0 0.85315625 0.8147500000000001 0.046609374999999995 0.036640624999999996
0 0.6796875 0.15584375 0.109375 0.1044375
0 0.33387500000000003 0.3486875 0.06085937500000001 0.065796875
0 0.547703125 0.50575 0.15625 0.126640625
0 0.917359375 0.6266406250000001 0.050171875 0.10196875000000001
0 0.48190625000000004 0.33923437500000003 0.27795312499999997 0.19325
0 0.75028125 0.5567031250000001 0.2745 0.182421875
0 0.552921875 0.64715625 0.15492187500000001 0.13415625
0 0.266765625 0.6233906250000001 0.12690625 0.124828125
0 0.30178125 0.7256875 0.16415625 0.100265625
0 0.17679687500000002 0.822875 0.25946875 0.186984375
0 0.064859375 0.5195937500000001 0.075515625 0.07346875
0 0.44160937499999997 0.614765625 0.05903125 0.064609375
0 0.44690624999999995 0.5155624999999999 0.042671875 0.0626875
0 0.16695312499999998 0.65115625 0.038671875 0.05971875
0 0.020640625000000003 0.702265625 0.041281250000000005 0.052625
0 0.549484375 0.189921875 0.145171875 0.10392187500000001