0 0.3849307479224377 0.6304724409448819 0.29894736842105263 0.12488188976377952
0 0.9437119113573408 0.5792913385826771 0.11257617728531856 0.08716535433070867
0 0.83398891966759 0.47031496062992123 0.13257617728531856 0.09700787401574804
0 0.8724653739612188 0.6759055118110237 0.09706371191135733 0.13602362204724408
0 0.9685595567867036 0.8258661417322835 0.06285318559556786 0.17236220472440944
0 0.7707756232686981 0.7432283464566929 0.09232686980609418 0.07614173228346456
0 0.17520775623268697 0.6838976377952756 0.08337950138504155 0.10755905511811023
0 0.10168975069252077 0.7464173228346457 0.04174515235457064 0.05106299212598425
0 0.6166481994459834 0.7832283464566929 0.047950138504155124 0.045944881889763776
0 0.650387811634349 0.3590551181102362 0.05277008310249308 0.053503937007874015
0 0.3979501385041551 0.5287795275590551 0.04257617728531856 0.047244094488188976
0 0.09249307479224377 0.9125590551181102 0.047008310249307475 0.058188976377952756
0 0.4912742382271468 0.8051181102362205 0.03803324099722992 0.048700787401574804
0 0.5140997229916897 0.890748031496063 0.04277008310249307 0.04874015748031496