0 0.9594833333333335 0.8860651629072682 0.08101666666666667 0.22786967418546367
0 0.9039 0.8063659147869674 0.03065 0.14453634085213032
0 0.8230666666666666 0.719749373433584 0.13099999999999998 0.26882205513784463
0 0.8205833333333333 0.5296491228070176 0.05355000000000001 0.15521303258145364
0 0.7710333333333333 0.5013283208020051 0.04468333333333333 0.09857142857142857
0 0.7659833333333332 0.5846365914786967 0.054933333333333334 0.17030075187969926
0 0.7312833333333333 0.36428571428571427 0.032683333333333335 0.22536340852130327
0 0.7731666666666667 0.3143859649122807 0.022116666666666666 0.16057644110275687
0 0.7834333333333333 0.23022556390977444 0.027866666666666665 0.05636591478696742
0 0.8480833333333334 0.3636340852130326 0.04066666666666666 0.06421052631578948
0 0.9051666666666667 0.38325814536340846 0.07356666666666667 0.09233082706766918
0 0.9707166666666666 0.41130325814536345 0.05856666666666667 0.10142857142857142