0 0.25833333333333336 0.9256094527363184 0.07333333333333333 0.05921641791044776
0 0.0125 0.4496268656716418 0.025 0.01990049751243781
0 0.4731166666666667 0.7633955223880596 0.02733333333333333 0.017238805970149252
0 0.26256666666666667 0.7291293532338309 0.035500000000000004 0.0257089552238806
0 0.48156666666666664 0.7281592039800996 0.028333333333333332 0.018656716417910446
0 0.2816666666666667 0.8432835820895522 0.05 0.03482587064676617
0 0.023983333333333336 0.3543034825870647 0.04798333333333333 0.028121890547263682
0 0.024816666666666667 0.3974502487562189 0.049633333333333335 0.05279850746268657
0 0.06715 0.3346890547263681 0.04365 0.01705223880597015
0 0.11271666666666666 0.35253731343283584 0.06526666666666667 0.0467910447761194
0 0.0715 0.396318407960199 0.044783333333333335 0.01482587064676617
0 0.16733333333333333 0.4067537313432836 0.040350000000000004 0.025435323383084577
0 0.20753333333333332 0.4243159203980099 0.0829 0.05623134328358209
0 0.2700166666666666 0.4135696517412935 0.026116666666666667 0.020659203980099503
0 0.29145 0.39439054726368156 0.032016666666666665 0.020161691542288557
0 0.18291666666666667 0.3320149253731343 0.05268333333333333 0.021430348258706468
0 0.1616 0.35590796019900495 0.0233 0.024328358208955222
0 0.19086666666666666 0.36247512437810947 0.0423 0.01906716417910448
0 0.26421666666666666 0.35615671641791047 0.13988333333333333 0.046455223880597016
0 0.2690166666666667 0.3262686567164179 0.04658333333333333 0.02455223880597015
0 0.20425 0.27006218905472634 0.048233333333333336 0.020298507462686566
0 0.3258 0.2953855721393035 0.03186666666666667 0.027686567164179107
0 0.3026 0.22955223880597014 0.02323333333333333 0.011766169154228857
0 0.20591666666666666 0.2076990049751244 0.02165 0.010223880597014927
0 0.10458333333333333 0.261181592039801 0.059083333333333335 0.025261194029850744
0 0.12533333333333332 0.29407960199004973 0.028800000000000003 0.012101990049751245
0 0.036000000000000004 0.2734825870646766 0.02555 0.01146766169154229
0 0.11601666666666667 0.41261194029850745 0.013816666666666665 0.018208955223880597
0 0.08716666666666666 0.5227860696517412 0.028666666666666667 0.016803482587064676
0 0.11561666666666667 0.43583333333333335 0.020316666666666667 0.011119402985074626
0 0.15268333333333334 0.3831965174129353 0.017583333333333336 0.009154228855721393
0 0.2719 0.6806218905472637 0.053349999999999995 0.04347014925373135
0 0.11578333333333334 0.6434577114427861 0.04886666666666667 0.03003731343283582
0 0.21061666666666667 0.7326243781094527 0.03625 0.01949004975124378
0 0.1961 0.7027487562189054 0.10401666666666666 0.03921641791044776
0 0.14786666666666667 0.7315298507462686 0.04558333333333334 0.025559701492537314
0 0.0922 0.7235199004975125 0.031066666666666666 0.026069651741293533
0 0.09625 0.7530721393034826 0.06166666666666667 0.031492537313432836
0 0.029666666666666668 0.7544900497512438 0.05931666666666667 0.04156716417910448
0 0.08451666666666667 0.47680348258706473 0.019366666666666664 0.011654228855721392
0 0.13683333333333333 0.6040671641791044 0.0313 0.01873134328358209
0 0.04036666666666666 0.6709577114427862 0.025616666666666666 0.020062189054726367
0 0.03145 0.7884203980099502 0.01576666666666667 0.0229228855721393
0 0.02545 0.8119402985074626 0.02065 0.0222636815920398
0 0.010616666666666667 0.8295646766169155 0.02121666666666667 0.024129353233830843
0 0.02195 0.8516915422885573 0.01565 0.014328358208955224
0 0.051416666666666666 0.8688805970149254 0.017066666666666667 0.016393034825870647
0 0.05456666666666667 0.8963308457711443 0.025616666666666666 0.031044776119402987
0 0.47115 0.6214427860696518 0.03663333333333334 0.0243407960199005
0 0.6772333333333332 0.5508084577114428 0.029766666666666667 0.016592039800995023
0 0.7454333333333333 0.49791044776119403 0.04335 0.021007462686567165
0 0.9838166666666666 0.5194029850746269 0.03235 0.018432835820895523
0 0.99145 0.6456716417910447 0.0171 0.025634328358208953
0 0.9438499999999999 0.6409950248756219 0.029083333333333333 0.01842039800995025
0 0.8984500000000001 0.5773756218905473 0.0249 0.017798507462686568
0 0.4948 0.5619029850746269 0.020616666666666665 0.01228855721393035
0 0.42335 0.5033084577114428 0.0183 0.01167910447761194
0 0.44504999999999995 0.5017537313432836 0.02195 0.012810945273631842
0 0.6287333333333334 0.6171890547263682 0.022933333333333333 0.01318407960199005
0 0.6529666666666666 0.592773631840796 0.018866666666666667 0.016293532338308457
0 0.5436166666666667 0.5846268656716418 0.017433333333333335 0.01800995024875622
0 0.5125166666666666 0.5917786069651741 0.0184 0.014303482587064677
0 0.5308833333333333 0.7039179104477612 0.025333333333333333 0.01603233830845771
0 0.6557666666666666 0.6931218905472637 0.022333333333333334 0.01774875621890547
0 0.6527333333333333 0.6440422885572139 0.016983333333333333 0.011791044776119404
0 0.5254666666666666 0.7763805970149255 0.018283333333333335 0.01257462686567164
0 0.44345 0.888768656716418 0.02535 0.016965174129353236
0 0.47856666666666664 0.7478233830845771 0.012766666666666667 0.007549751243781095
0 0.49596666666666667 0.7590547263681592 0.011 0.009054726368159204
0 0.16231666666666666 0.7455721393034827 0.025066666666666664 0.018644278606965173
0 0.2629 0.752723880597015 0.024550000000000002 0.01257462686567164
0 0.05148333333333333 0.6951492537313433 0.014833333333333334 0.01900497512437811
0 0.0719 0.6986318407960199 0.0276 0.012786069651741293
0 0.08503333333333334 0.6825373134328359 0.019383333333333336 0.0075373134328358205
0 0.12446666666666668 0.692910447761194 0.014766666666666666 0.0175
0 0.7437333333333334 0.11292288557213931 0.04476666666666666 0.016952736318407963
0 0.7395333333333334 0.14620646766169154 0.06121666666666666 0.02603233830845771
0 0.7788999999999999 0.19450248756218905 0.06373333333333334 0.01781094527363184
0 0.89315 0.11303482587064675 0.06646666666666667 0.012985074626865671
0 0.8244833333333333 0.09431592039800994 0.0465 0.008482587064676618
0 0.8157666666666666 0.10517412935323384 0.029133333333333334 0.015223880597014926
0 0.9464333333333333 0.09195273631840797 0.026633333333333335 0.01095771144278607
0 0.9874 0.15369402985074626 0.024933333333333335 0.01105721393034826
0 0.8977166666666666 0.15159203980099503 0.024433333333333335 0.009253731343283583
0 0.8638666666666668 0.265273631840796 0.028233333333333336 0.012039800995024875
0 0.8884833333333334 0.2942537313432836 0.026116666666666667 0.01849502487562189
0 0.8072333333333332 0.29272388059701493 0.02405 0.011828358208955224
0 0.7707166666666667 0.2972139303482587 0.01923333333333333 0.02082089552238806
0 0.8145 0.26935323383084575 0.014583333333333334 0.01062189054726368
0 0.8695333333333334 0.34844527363184075 0.022233333333333334 0.011902985074626867
0 0.82895 0.3690422885572139 0.049883333333333335 0.020149253731343283
0 0.8614999999999999 0.3952860696517413 0.06203333333333333 0.03130597014925374
0 0.9106666666666666 0.4279228855721393 0.0443 0.019937810945273634
0 0.9426666666666667 0.307636815920398 0.022116666666666666 0.0111318407960199
0 0.9404 0.34058457711442786 0.03265 0.017139303482587062
0 0.68115 0.6033333333333333 0.03091666666666667 0.017101990049751242
0 0.864 0.5102611940298507 0.022733333333333335 0.012089552238805971