0 0.9592933947772657 0.30569948186528495 0.013824884792626729 0.03367875647668394
0 0.8940092165898618 0.23575129533678757 0.015360983102918587 0.04922279792746114
0 0.6821044546850998 0.6569170984455959 0.48525345622119814 0.6861658031088084
0 0.8294930875576036 0.23704663212435234 0.0890937019969278 0.05181347150259067
0 0.10906298003072197 0.16321243523316062 0.01228878648233487 0.023316062176165803
0 0.14592933947772657 0.19170984455958548 0.015360983102918587 0.023316062176165803
0 0.10445468509984639 0.14378238341968913 0.09831029185867896 0.10103626943005181
0 0.7710291858678956 0.4510103626943005 0.027757296466973887 0.05795336787564767
0 0.7898310291858678 0.38085492227979273 0.016344086021505378 0.031062176165803108
0 0.8986175115207373 0.04533678756476684 0.01228878648233487 0.02849740932642487
0 0.9001536098310292 0.10621761658031088 0.043010752688172046 0.09326424870466321
0 0.9443164362519201 0.957461139896373 0.03639016897081413 0.07694300518134715
0 0.9791244239631336 0.8710362694300519 0.04175115207373272 0.06898963730569949
0 0.8934869431643625 0.6534974093264249 0.02410138248847926 0.0672279792746114
0 0.7855606758832565 0.551321243523316 0.02328725038402458 0.04186528497409327
0 0.82394777265745 0.6101813471502591 0.024669738863287247 0.03712435233160622
0 0.8309370199692782 0.5181088082901555 0.021874039938556068 0.0555440414507772
0 0.038494623655913975 0.6873834196891191 0.05410138248847926 0.11619170984455959
0 0.03403993855606759 0.5122538860103627 0.06654377880184331 0.12103626943005182
0 0.008755760368663594 0.40958549222797924 0.01752688172043011 0.08810880829015544
0 0.04940092165898617 0.39357512953367874 0.059124423963133645 0.11261658031088083
0 0.15566820276497698 0.7112176165803108 0.0662826420890937 0.08582901554404146
0 0.18428571428571427 0.6386787564766839 0.032857142857142856 0.051709844559585494
0 0.16947772657450078 0.41080310880829013 0.16854070660522275 0.30357512953367877
0 0.3251766513056836 0.5600259067357513 0.02976958525345622 0.06870466321243524
0 0.4289247311827957 0.7568652849740932 0.027803379416282643 0.047875647668393785
0 0.5139631336405529 0.8409067357512953 0.06101382488479262 0.07935233160621762
0 0.4797388632872504 0.16137305699481866 0.2992626728110599 0.31240932642487046
0 0.5742703533026114 0.3283419689119171 0.304531490015361 0.13290155440414508
0 0.3186175115207373 0.06230569948186529 0.047357910906298 0.062435233160621766
0 0.3329185867895545 0.4075647668393782 0.17331797235023041 0.25248704663212435
0 0.30841781874039936 0.2645336787564767 0.052104454685099846 0.07595854922279793
0 0.40580645161290324 0.593860103626943 0.05522273425499232 0.12702072538860104
0 0.20457757296466975 0.5666321243523316 0.08549923195084484 0.08966321243523316