0 0.60703125 0.56796875 0.084375 0.0359375
0 0.87265625 0.309375 0.0515625 0.01875
0 0.13956249999999998 0.31821875 0.27912499999999996 0.143328125
0 0.622125 0.30289062499999997 0.312765625 0.06596874999999999
0 0.7359375 0.25234375 0.046875 0.0421875
0 0.41484375 0.490625 0.0171875 0.009375
0 0.611953125 0.42853125 0.294015625 0.138984375
0 0.5171875 0.38984375 0.028125 0.0171875
0 0.05304687500000001 0.384140625 0.04109375 0.01546875
0 0.51796875 0.28515625 0.01875 0.0125
0 0.8401875000000001 0.47062499999999996 0.319625 0.22549999999999998
0 0.577625 0.35178125 0.048328125 0.0300625
0 0.37098437500000003 0.31509375 0.18578125 0.06928125
0 0.571390625 0.500359375 0.024515625 0.015578125000000002
0 0.40896875 0.43321875 0.1678125 0.057859375000000005
0 0.351921875 0.376375 0.0939375 0.053421874999999994
0 0.57534375 0.237828125 0.062890625 0.029671874999999997
0 0.7209218749999999 0.6021093750000001 0.12798437499999998 0.09909375000000001
0 0.9445781249999999 0.334234375 0.11085937500000001 0.048078125