0 0.31775000000000003 0.57896875 0.170328125 0.148125
0 0.512625 0.84509375 0.355109375 0.3098125
0 0.423546875 0.70303125 0.19442187500000002 0.164109375
0 0.67040625 0.66578125 0.0720625 0.06728125
0 0.718171875 0.6068749999999999 0.087234375 0.07446875
0 0.788703125 0.63078125 0.075265625 0.069703125
0 0.908328125 0.6178125 0.0925625 0.074015625
0 0.9868281250000001 0.6381249999999999 0.02634375 0.047671875
0 0.9656874999999999 0.5060156250000001 0.05996875 0.051312500000000004
0 0.071578125 0.7548125 0.08421875 0.10695312500000001
0 0.26284375 0.9198437500000001 0.248015625 0.155765625
0 0.240078125 0.8217656249999999 0.0685625 0.062281249999999996
0 0.061078125000000004 0.887140625 0.076625 0.09928125
0 0.015109375 0.5080312499999999 0.029312500000000002 0.050875000000000004
0 0.155484375 0.609984375 0.18062499999999998 0.178890625
0 0.118 0.47834374999999996 0.0520625 0.049546875000000004
0 0.201703125 0.49664062500000006 0.06321875 0.059359375000000006
0 0.33137500000000003 0.38284375000000004 0.050249999999999996 0.05496875
0 0.44520312500000003 0.593484375 0.072546875 0.0476875
0 0.012421875 0.3071875 0.02396875 0.059921875
0 0.062203125000000005 0.259453125 0.0386875 0.026921875
0 0.057515625 0.12310937500000001 0.03378125 0.0355
0 0.041671875000000004 0.659765625 0.033328125 0.032921875
0 0.48426562500000003 0.23199999999999998 0.06584375 0.056843750000000005
0 0.546984375 0.200984375 0.04396875 0.043921875
0 0.59775 0.17796875 0.057343750000000006 0.07112500000000001
0 0.33378125000000003 0.1485625 0.26871875 0.23518750000000002
0 0.38342187499999997 0.251625 0.027468749999999997 0.022921875
0 0.41900000000000004 0.22809374999999998 0.031625 0.033796875
0 0.60184375 0.2570625 0.036843749999999995 0.03378125
0 0.46781249999999996 0.27390625 0.035578125 0.030328125
0 0.552125 0.139828125 0.026171875 0.029328125
0 0.5735781249999999 0.054906250000000004 0.0238125 0.0225
0 0.819296875 0.31021875 0.36140625000000004 0.36575
0 0.71846875 0.136015625 0.02378125 0.01809375
0 0.75209375 0.43729687500000003 0.0479375 0.038859375
0 0.444078125 0.794875 0.04065625 0.033390625