0 0.8918250000000001 0.4775094339622642 0.17403749999999998 0.22350943396226414
0 0.2552875 0.1908490566037736 0.085575 0.10884905660377359
0 0.416825 0.15747169811320755 0.04135 0.05950943396226415
0 0.2341375 0.7039245283018868 0.1951875 0.22641509433962265
0 0.6351 0.39405660377358487 0.164425 0.1582075471698113
0 0.4422625 0.4181320754716981 0.16365 0.18550943396226413
0 0.0875 0.5950566037735849 0.1096125 0.13643396226415094
0 0.03245 0.40309433962264146 0.0648875 0.18826415094339624
0 0.3053875 0.3593396226415094 0.1173625 0.17279245283018868
0 0.17841249999999997 0.39632075471698114 0.1543125 0.2330188679245283
0 0.2548625 0.5366792452830189 0.057212500000000006 0.10207547169811321
0 0.09961249999999999 0.4910377358490566 0.060112500000000006 0.062283018867924526
0 0.6313125 0.5776037735849057 0.044199999999999996 0.06388679245283019
0 0.428325 0.2672264150943396 0.04585 0.06060377358490566
0 0.324125 0.24975471698113208 0.056525 0.07369811320754717
0 0.36024999999999996 0.4902641509433962 0.0407125 0.06071698113207547