0 0.65185546875 0.4764795144157815 0.0185546875 0.042488619119878605
0 0.73291015625 0.6464339908952959 0.0263671875 0.036418816388467376
0 0.791015625 0.5804248861911988 0.029296875 0.04552352048558422
0 0.59423828125 0.5766312594840668 0.0439453125 0.054628224582701064
0 0.388671875 0.4013657056145675 0.0390625 0.0622154779969651
0 0.5029296875 0.468133535660091 0.16015625 0.11380880121396054
0 0.7001953125 0.5606980273141123 0.15625 0.09863429438543247
0 0.673828125 0.8990895295902883 0.009765625 0.012139605462822459
0 0.73974609375 0.924886191198786 0.0146484375 0.018209408194233688
0 0.4423828125 0.7389984825493171 0.01953125 0.030349013657056147
0 0.693359375 0.9704097116843703 0.029296875 0.04704097116843703
0 0.69873046875 0.36798179059180575 0.017578125 0.027314112291350532
0 0.55419921875 0.34597875569044007 0.0302734375 0.042488619119878605
0 0.66796875 0.030349013657056147 0.029296875 0.04552352048558422
0 0.51220703125 0.28072837632776937 0.0302734375 0.04552352048558422
0 0.66650390625 0.36418816388467373 0.0341796875 0.048558421851289835
0 0.501953125 0.19802731411229135 0.080078125 0.09863429438543247
0 0.5185546875 0.5098634294385432 0.017578125 0.021244309559939303
0 0.50537109375 0.4582701062215478 0.0478515625 0.07587253414264036
0 0.4404296875 0.48330804248861914 0.072265625 0.07738998482549317
0 0.71630859375 0.468133535660091 0.1064453125 0.11077389984825493
0 0.6689453125 0.6267071320182094 0.005859375 0.012139605462822459
0 0.63720703125 0.6160849772382397 0.0166015625 0.027314112291350532
0 0.68310546875 0.6305007587253414 0.07421875 0.08649468892261002
0 0.35009765625 0.36342943854324733 0.0126953125 0.018209408194233688
0 0.44921875 0.3915022761760243 0.0234375 0.024279210925644917
0 0.369140625 0.3915022761760243 0.017578125 0.051593323216995446
0 0.40087890625 0.4013657056145675 0.044921875 0.05918057663125948
0 0.625712890625 0.30034901365705613 0.01478515625 0.022443095599393018